,GAME_ID,EVENTNUM,EVENTMSGTYPE,EVENTMSGACTIONTYPE,PERIOD,WCTIMESTRING,PCTIMESTRING,HOMEDESCRIPTION,NEUTRALDESCRIPTION,VISITORDESCRIPTION,SCORE,SCOREMARGIN,PERSON1TYPE,PLAYER1_ID,PLAYER1_NAME,PLAYER1_TEAM_ID,PLAYER1_TEAM_CITY,PLAYER1_TEAM_NICKNAME,PLAYER1_TEAM_ABBREVIATION,PERSON2TYPE,PLAYER2_ID,PLAYER2_NAME,PLAYER2_TEAM_ID,PLAYER2_TEAM_CITY,PLAYER2_TEAM_NICKNAME,PLAYER2_TEAM_ABBREVIATION,PERSON3TYPE,PLAYER3_ID,PLAYER3_NAME,PLAYER3_TEAM_ID,PLAYER3_TEAM_CITY,PLAYER3_TEAM_NICKNAME,PLAYER3_TEAM_ABBREVIATION,VIDEO_AVAILABLE_FLAG
0,0021600866,0,12,0,1,5:10 PM,12:00,,Start of 1st Period (5:10 PM EST),,,,0,0,,,,,,0,0,,,,,,0,0,,,,,,0
1,0021600866,1,10,0,1,5:11 PM,12:00,Jump Ball Koufos vs. Kaminsky: Tip to Tolliver,,,,,4,201585,Kosta Koufos,1610612758.0,Sacramento,Kings,SAC,5,1626163,Frank Kaminsky,1610612766.0,Charlotte,Hornets,CHA,4,201229,Anthony Tolliver,1610612758.0,Sacramento,Kings,SAC,1
2,0021600866,2,2,48,1,5:11 PM,11:41,MISS Koufos 2' Dunk,,Batum BLOCK (1 BLK),,,4,201585,Kosta Koufos,1610612758.0,Sacramento,Kings,SAC,0,0,,,,,,5,201587,Nicolas Batum,1610612766.0,Charlotte,Hornets,CHA,1
3,0021600866,3,4,0,1,5:11 PM,11:40,,,Kaminsky REBOUND (Off:0 Def:1),,,5,1626163,Frank Kaminsky,1610612766.0,Charlotte,Hornets,CHA,0,0,,,,,,0,0,,,,,,1
4,0021600866,4,6,2,1,5:11 PM,11:29,McLemore S.FOUL (P1.T1) (S.Foster),,,,,4,203463,Ben McLemore,1610612758.0,Sacramento,Kings,SAC,5,203077,Michael Kidd-Gilchrist,1610612766.0,Charlotte,Hornets,CHA,1,0,,,,,,1
5,0021600866,5,3,11,1,5:12 PM,11:29,,,Kidd-Gilchrist Free Throw 1 of 2 (1 PTS),1 - 0,-1,5,203077,Michael Kidd-Gilchrist,1610612766.0,Charlotte,Hornets,CHA,0,0,,,,,,0,0,,,,,,0
6,0021600866,7,3,12,1,5:12 PM,11:29,,,Kidd-Gilchrist Free Throw 2 of 2 (2 PTS),2 - 0,-2,5,203077,Michael Kidd-Gilchrist,1610612766.0,Charlotte,Hornets,CHA,0,0,,,,,,0,0,,,,,,0
7,0021600866,9,5,2,1,5:12 PM,11:11,Tolliver Lost Ball Turnover (P1.T1),,Kaminsky STEAL (1 STL),,,4,201229,Anthony Tolliver,1610612758.0,Sacramento,Kings,SAC,5,1626163,Frank Kaminsky,1610612766.0,Charlotte,Hornets,CHA,0,0,,,,,,1
8,0021600866,10,2,1,1,5:12 PM,11:01,,,MISS Walker 25' 3PT Jump Shot,,,5,202689,Kemba Walker,1610612766.0,Charlotte,Hornets,CHA,0,0,,,,,,0,0,,,,,,1
9,0021600866,11,4,0,1,5:12 PM,11:00,Evans REBOUND (Off:0 Def:1),,,,,4,201936,Tyreke Evans,1610612758.0,Sacramento,Kings,SAC,0,0,,,,,,0,0,,,,,,1
10,0021600866,12,2,1,1,5:13 PM,10:49,MISS Tolliver 25' 3PT Jump Shot,,,,,4,201229,Anthony Tolliver,1610612758.0,Sacramento,Kings,SAC,0,0,,,,,,0,0,,,,,,1
11,0021600866,13,4,0,1,5:13 PM,10:48,,,Batum REBOUND (Off:0 Def:1),,,5,201587,Nicolas Batum,1610612766.0,Charlotte,Hornets,CHA,0,0,,,,,,0,0,,,,,,1
12,0021600866,14,1,98,1,5:13 PM,10:35,,,Williams 4' Cutting Layup Shot (2 PTS) (Kaminsky 1 AST),4 - 0,-4,5,101107,Marvin Williams,1610612766.0,Charlotte,Hornets,CHA,5,1626163,Frank Kaminsky,1610612766.0,Charlotte,Hornets,CHA,0,0,,,,,,1
13,0021600866,15,2,1,1,5:13 PM,10:20,MISS Collison 6' Jump Shot,,Kidd-Gilchrist BLOCK (1 BLK),,,4,201954,Darren Collison,1610612758.0,Sacramento,Kings,SAC,0,0,,,,,,5,203077,Michael Kidd-Gilchrist,1610612766.0,Charlotte,Hornets,CHA,1
14,0021600866,17,4,0,1,5:13 PM,10:16,,,Walker REBOUND (Off:0 Def:1),,,5,202689,Kemba Walker,1610612766.0,Charlotte,Hornets,CHA,0,0,,,,,,0,0,,,,,,1
15,0021600866,18,1,1,1,5:13 PM,10:11,,,Williams 25' 3PT Jump Shot (5 PTS) (Kaminsky 2 AST),7 - 0,-7,5,101107,Marvin Williams,1610612766.0,Charlotte,Hornets,CHA,5,1626163,Frank Kaminsky,1610612766.0,Charlotte,Hornets,CHA,0,0,,,,,,1
16,0021600866,19,2,5,1,5:13 PM,9:56,MISS Evans 1' Layup,,,,,4,201936,Tyreke Evans,1610612758.0,Sacramento,Kings,SAC,0,0,,,,,,0,0,,,,,,1
17,0021600866,20,4,0,1,5:13 PM,9:55,,,Batum REBOUND (Off:0 Def:2),,,5,201587,Nicolas Batum,1610612766.0,Charlotte,Hornets,CHA,0,0,,,,,,0,0,,,,,,1
18,0021600866,21,2,1,1,5:14 PM,9:48,Evans BLOCK (1 BLK),,MISS Kidd-Gilchrist 3' Jump Shot,,,5,203077,Michael Kidd-Gilchrist,1610612766.0,Charlotte,Hornets,CHA,0,0,,,,,,4,201936,Tyreke Evans,1610612758.0,Sacramento,Kings,SAC,1
19,0021600866,22,4,0,1,5:14 PM,9:46,,,Kidd-Gilchrist REBOUND (Off:1 Def:0),,,5,203077,Michael Kidd-Gilchrist,1610612766.0,Charlotte,Hornets,CHA,0,0,,,,,,0,0,,,,,,1
20,0021600866,23,2,1,1,5:14 PM,9:44,,,MISS Kaminsky 24' 3PT Jump Shot,,,5,1626163,Frank Kaminsky,1610612766.0,Charlotte,Hornets,CHA,0,0,,,,,,0,0,,,,,,1
21,0021600866,24,4,0,1,5:14 PM,9:43,Evans REBOUND (Off:0 Def:2),,,,,4,201936,Tyreke Evans,1610612758.0,Sacramento,Kings,SAC,0,0,,,,,,0,0,,,,,,1
22,0021600866,25,2,1,1,5:14 PM,9:29,MISS Koufos 6' Jump Shot,,,,,4,201585,Kosta Koufos,1610612758.0,Sacramento,Kings,SAC,0,0,,,,,,0,0,,,,,,1
23,0021600866,26,4,0,1,5:14 PM,9:28,,,Batum REBOUND (Off:0 Def:3),,,5,201587,Nicolas Batum,1610612766.0,Charlotte,Hornets,CHA,0,0,,,,,,0,0,,,,,,1
24,0021600866,27,2,1,1,5:14 PM,9:23,Koufos BLOCK (1 BLK),,MISS Batum 6' Jump Shot,,,5,201587,Nicolas Batum,1610612766.0,Charlotte,Hornets,CHA,0,0,,,,,,4,201585,Kosta Koufos,1610612758.0,Sacramento,Kings,SAC,1
25,0021600866,28,4,0,1,5:14 PM,9:22,Tolliver REBOUND (Off:0 Def:1),,,,,4,201229,Anthony Tolliver,1610612758.0,Sacramento,Kings,SAC,0,0,,,,,,0,0,,,,,,1
26,0021600866,29,2,1,1,5:14 PM,9:15,MISS Collison 20' Jump Shot,,,,,4,201954,Darren Collison,1610612758.0,Sacramento,Kings,SAC,0,0,,,,,,0,0,,,,,,1
27,0021600866,30,4,0,1,5:14 PM,9:14,,,Kaminsky REBOUND (Off:0 Def:2),,,5,1626163,Frank Kaminsky,1610612766.0,Charlotte,Hornets,CHA,0,0,,,,,,0,0,,,,,,1
28,0021600866,31,1,1,1,5:14 PM,8:58,,,Batum 6' Jump Shot (2 PTS),9 - 0,-9,5,201587,Nicolas Batum,1610612766.0,Charlotte,Hornets,CHA,0,0,,,,,,0,0,,,,,,1
29,0021600866,32,2,42,1,5:15 PM,8:40,MISS Evans 5' Driving Layup,,Williams BLOCK (1 BLK),,,4,201936,Tyreke Evans,1610612758.0,Sacramento,Kings,SAC,0,0,,,,,,5,101107,Marvin Williams,1610612766.0,Charlotte,Hornets,CHA,1
30,0021600866,33,4,0,1,5:15 PM,8:38,,,Kidd-Gilchrist REBOUND (Off:1 Def:1),,,5,203077,Michael Kidd-Gilchrist,1610612766.0,Charlotte,Hornets,CHA,0,0,,,,,,0,0,,,,,,1
31,0021600866,34,1,1,1,5:15 PM,8:32,,,Batum 25' 3PT Jump Shot (5 PTS) (Kidd-Gilchrist 1 AST),12 - 0,-12,5,201587,Nicolas Batum,1610612766.0,Charlotte,Hornets,CHA,5,203077,Michael Kidd-Gilchrist,1610612766.0,Charlotte,Hornets,CHA,0,0,,,,,,1
32,0021600866,35,9,1,1,5:15 PM,8:32,KINGS Timeout: Regular (Full 1 Short 0),,,,,2,1610612758,,,,,,0,0,,,,,,0,0,,,,,,0
33,0021600866,38,1,1,1,5:18 PM,8:16,Tolliver 25' 3PT Jump Shot (3 PTS) (Collison 1 AST),,,12 - 3,-9,4,201229,Anthony Tolliver,1610612758.0,Sacramento,Kings,SAC,4,201954,Darren Collison,1610612758.0,Sacramento,Kings,SAC,0,0,,,,,,1
34,0021600866,39,2,1,1,5:18 PM,7:54,,,MISS Williams 26' 3PT Jump Shot,,,5,101107,Marvin Williams,1610612766.0,Charlotte,Hornets,CHA,0,0,,,,,,0,0,,,,,,1
35,0021600866,40,4,0,1,5:18 PM,7:54,Koufos REBOUND (Off:0 Def:1),,,,,4,201585,Kosta Koufos,1610612758.0,Sacramento,Kings,SAC,0,0,,,,,,0,0,,,,,,1
36,0021600866,41,7,5,1,5:18 PM,7:44,,,Kaminsky Violation:Kicked Ball (S.Foster),,,5,1626163,Frank Kaminsky,1610612766.0,Charlotte,Hornets,CHA,0,0,,,,,,1,0,,,,,,0
37,0021600866,42,1,1,1,5:19 PM,7:26,Collison 27' 3PT Jump Shot (3 PTS) (Evans 1 AST),,,12 - 6,-6,4,201954,Darren Collison,1610612758.0,Sacramento,Kings,SAC,4,201936,Tyreke Evans,1610612758.0,Sacramento,Kings,SAC,0,0,,,,,,1
38,0021600866,43,2,1,1,5:19 PM,7:12,,,MISS Batum 26' 3PT Jump Shot,,,5,201587,Nicolas Batum,1610612766.0,Charlotte,Hornets,CHA,0,0,,,,,,0,0,,,,,,1
39,0021600866,44,4,0,1,5:19 PM,7:12,Koufos REBOUND (Off:0 Def:2),,,,,4,201585,Kosta Koufos,1610612758.0,Sacramento,Kings,SAC,0,0,,,,,,0,0,,,,,,1
40,0021600866,45,6,2,1,5:19 PM,7:03,,,Kaminsky S.FOUL (P1.T1) (J.VanDuyne),,,5,1626163,Frank Kaminsky,1610612766.0,Charlotte,Hornets,CHA,4,201229,Anthony Tolliver,1610612758.0,Sacramento,Kings,SAC,1,0,,,,,,1
41,0021600866,46,3,11,1,5:19 PM,7:03,Tolliver Free Throw 1 of 2 (4 PTS),,,12 - 7,-5,4,201229,Anthony Tolliver,1610612758.0,Sacramento,Kings,SAC,0,0,,,,,,0,0,,,,,,0
42,0021600866,48,8,0,1,5:19 PM,7:03,,,SUB: Wood FOR Kaminsky,,,5,1626163,Frank Kaminsky,1610612766.0,Charlotte,Hornets,CHA,5,1626174,Christian Wood,1610612766.0,Charlotte,Hornets,CHA,0,0,,,,,,0
43,0021600866,49,3,12,1,5:20 PM,7:03,Tolliver Free Throw 2 of 2 (5 PTS),,,12 - 8,-4,4,201229,Anthony Tolliver,1610612758.0,Sacramento,Kings,SAC,0,0,,,,,,0,0,,,,,,0
44,0021600866,51,2,1,1,5:20 PM,6:48,,,MISS Batum 25' 3PT Jump Shot,,,5,201587,Nicolas Batum,1610612766.0,Charlotte,Hornets,CHA,0,0,,,,,,0,0,,,,,,1
45,0021600866,52,4,0,1,5:20 PM,6:47,Tolliver REBOUND (Off:0 Def:2),,,,,4,201229,Anthony Tolliver,1610612758.0,Sacramento,Kings,SAC,0,0,,,,,,0,0,,,,,,1
46,0021600866,53,1,1,1,5:20 PM,6:38,Tolliver 26' 3PT Jump Shot (8 PTS) (Evans 2 AST),,,12 - 11,-1,4,201229,Anthony Tolliver,1610612758.0,Sacramento,Kings,SAC,4,201936,Tyreke Evans,1610612758.0,Sacramento,Kings,SAC,0,0,,,,,,1
47,0021600866,54,2,1,1,5:20 PM,6:22,,,MISS Kidd-Gilchrist 18' Jump Shot,,,5,203077,Michael Kidd-Gilchrist,1610612766.0,Charlotte,Hornets,CHA,0,0,,,,,,0,0,,,,,,1
48,0021600866,55,4,0,1,5:21 PM,6:22,Evans REBOUND (Off:0 Def:3),,,,,4,201936,Tyreke Evans,1610612758.0,Sacramento,Kings,SAC,0,0,,,,,,0,0,,,,,,1
49,0021600866,56,2,1,1,5:21 PM,6:09,MISS Evans 25' 3PT Jump Shot,,,,,4,201936,Tyreke Evans,1610612758.0,Sacramento,Kings,SAC,0,0,,,,,,0,0,,,,,,1
50,0021600866,57,4,0,1,5:21 PM,6:09,,,Wood REBOUND (Off:0 Def:1),,,5,1626174,Christian Wood,1610612766.0,Charlotte,Hornets,CHA,0,0,,,,,,0,0,,,,,,1
51,0021600866,58,2,42,1,5:21 PM,6:00,,,MISS Batum 3' Driving Layup,,,5,201587,Nicolas Batum,1610612766.0,Charlotte,Hornets,CHA,0,0,,,,,,0,0,,,,,,1
52,0021600866,59,4,0,1,5:21 PM,5:59,,,Wood REBOUND (Off:1 Def:1),,,5,1626174,Christian Wood,1610612766.0,Charlotte,Hornets,CHA,0,0,,,,,,0,0,,,,,,1
53,0021600866,60,5,40,1,5:21 PM,5:58,,,Wood Out of Bounds Lost Ball Turnover (P1.T1),,,5,1626174,Christian Wood,1610612766.0,Charlotte,Hornets,CHA,0,0,,,,,,0,0,,,,,,1
54,0021600866,61,8,0,1,5:21 PM,5:58,SUB: Cauley-Stein FOR McLemore,,,,,4,203463,Ben McLemore,1610612758.0,Sacramento,Kings,SAC,4,1626161,Willie Cauley-Stein,1610612758.0,Sacramento,Kings,SAC,0,0,,,,,,0
55,0021600866,62,8,0,1,5:21 PM,5:58,,,SUB: Lamb FOR Williams,,,5,101107,Marvin Williams,1610612766.0,Charlotte,Hornets,CHA,5,203087,Jeremy Lamb,1610612766.0,Charlotte,Hornets,CHA,0,0,,,,,,0
56,0021600866,63,1,67,1,5:22 PM,5:42,Koufos 7' Hook Bank Shot (2 PTS) (Collison 2 AST),,,12 - 13,1,4,201585,Kosta Koufos,1610612758.0,Sacramento,Kings,SAC,4,201954,Darren Collison,1610612758.0,Sacramento,Kings,SAC,0,0,,,,,,1
57,0021600866,64,2,1,1,5:22 PM,5:25,,,MISS Batum 19' Jump Shot,,,5,201587,Nicolas Batum,1610612766.0,Charlotte,Hornets,CHA,0,0,,,,,,0,0,,,,,,1
58,0021600866,65,4,0,1,5:22 PM,5:24,Evans REBOUND (Off:0 Def:4),,,,,4,201936,Tyreke Evans,1610612758.0,Sacramento,Kings,SAC,0,0,,,,,,0,0,,,,,,1
59,0021600866,66,1,1,1,5:22 PM,5:14,Koufos 9' Jump Shot (4 PTS) (Evans 3 AST),,,12 - 15,3,4,201585,Kosta Koufos,1610612758.0,Sacramento,Kings,SAC,4,201936,Tyreke Evans,1610612758.0,Sacramento,Kings,SAC,0,0,,,,,,1
60,0021600866,67,2,1,1,5:23 PM,4:40,,,MISS Lamb 27' 3PT Jump Shot,,,5,203087,Jeremy Lamb,1610612766.0,Charlotte,Hornets,CHA,0,0,,,,,,0,0,,,,,,1
61,0021600866,68,4,0,1,5:23 PM,4:39,,,Kidd-Gilchrist REBOUND (Off:2 Def:1),,,5,203077,Michael Kidd-Gilchrist,1610612766.0,Charlotte,Hornets,CHA,0,0,,,,,,0,0,,,,,,1
62,0021600866,69,1,42,1,5:23 PM,4:34,,,Walker 3' Driving Layup (2 PTS) (Batum 1 AST),14 - 15,1,5,202689,Kemba Walker,1610612766.0,Charlotte,Hornets,CHA,5,201587,Nicolas Batum,1610612766.0,Charlotte,Hornets,CHA,0,0,,,,,,1
63,0021600866,70,6,4,1,5:23 PM,4:29,Evans OFF.Foul (P1) (M.Boland),,,,,4,201936,Tyreke Evans,1610612758.0,Sacramento,Kings,SAC,5,1626174,Christian Wood,1610612766.0,Charlotte,Hornets,CHA,1,0,,,,,,1
64,0021600866,71,5,5,1,5:23 PM,4:29,Evans Foul Turnover (P1.T2),,,,,4,201936,Tyreke Evans,1610612758.0,Sacramento,Kings,SAC,0,0,,,,,,1,0,,,,,,1
65,0021600866,72,8,0,1,5:23 PM,4:29,SUB: Hield FOR Koufos,,,,,4,201585,Kosta Koufos,1610612758.0,Sacramento,Kings,SAC,4,1627741,Buddy Hield,1610612758.0,Sacramento,Kings,SAC,0,0,,,,,,0
66,0021600866,73,6,1,1,5:24 PM,4:20,Cauley-Stein P.FOUL (P1.T2) (M.Boland),,,,,4,1626161,Willie Cauley-Stein,1610612758.0,Sacramento,Kings,SAC,5,1626174,Christian Wood,1610612766.0,Charlotte,Hornets,CHA,1,0,,,,,,1
67,0021600866,74,2,1,1,5:24 PM,4:07,,,MISS Lamb 13' Jump Shot,,,5,203087,Jeremy Lamb,1610612766.0,Charlotte,Hornets,CHA,0,0,,,,,,0,0,,,,,,1
68,0021600866,75,4,0,1,5:24 PM,4:06,,,Wood REBOUND (Off:2 Def:1),,,5,1626174,Christian Wood,1610612766.0,Charlotte,Hornets,CHA,0,0,,,,,,0,0,,,,,,1
69,0021600866,76,6,2,1,5:24 PM,4:06,Tolliver S.FOUL (P1.T3) (J.VanDuyne),,,,,4,201229,Anthony Tolliver,1610612758.0,Sacramento,Kings,SAC,5,1626174,Christian Wood,1610612766.0,Charlotte,Hornets,CHA,1,0,,,,,,1
70,0021600866,77,3,11,1,5:24 PM,4:06,,,Wood Free Throw 1 of 2 (1 PTS),15 - 15,TIE,5,1626174,Christian Wood,1610612766.0,Charlotte,Hornets,CHA,0,0,,,,,,0,0,,,,,,0
71,0021600866,79,8,0,1,5:25 PM,4:06,,,SUB: Belinelli FOR Batum,,,5,201587,Nicolas Batum,1610612766.0,Charlotte,Hornets,CHA,5,201158,Marco Belinelli,1610612766.0,Charlotte,Hornets,CHA,0,0,,,,,,0
72,0021600866,80,8,0,1,5:25 PM,4:06,SUB: Lawson FOR Evans,,,,,4,201936,Tyreke Evans,1610612758.0,Sacramento,Kings,SAC,4,201951,Ty Lawson,1610612758.0,Sacramento,Kings,SAC,0,0,,,,,,0
73,0021600866,81,3,12,1,5:25 PM,4:06,,,Wood Free Throw 2 of 2 (2 PTS),16 - 15,-1,5,1626174,Christian Wood,1610612766.0,Charlotte,Hornets,CHA,0,0,,,,,,0,0,,,,,,0
74,0021600866,83,6,4,1,5:25 PM,3:46,Lawson OFF.Foul (P1) (S.Foster),,,,,4,201951,Ty Lawson,1610612758.0,Sacramento,Kings,SAC,5,202689,Kemba Walker,1610612766.0,Charlotte,Hornets,CHA,1,0,,,,,,1
75,0021600866,84,5,5,1,5:25 PM,3:46,Lawson Foul Turnover (P1.T3),,,,,4,201951,Ty Lawson,1610612758.0,Sacramento,Kings,SAC,0,0,,,,,,1,0,,,,,,1
76,0021600866,87,8,0,1,5:25 PM,3:46,,,SUB: Kaminsky FOR Wood,,,5,1626174,Christian Wood,1610612766.0,Charlotte,Hornets,CHA,5,1626163,Frank Kaminsky,1610612766.0,Charlotte,Hornets,CHA,0,0,,,,,,0
77,0021600866,85,8,0,1,5:26 PM,3:46,SUB: Labissiere FOR Tolliver,,,,,4,201229,Anthony Tolliver,1610612758.0,Sacramento,Kings,SAC,4,1627746,Skal Labissiere,1610612758.0,Sacramento,Kings,SAC,0,0,,,,,,0
78,0021600866,86,6,1,1,5:26 PM,3:39,Collison P.FOUL (P1.T4) (J.VanDuyne),,,,,4,201954,Darren Collison,1610612758.0,Sacramento,Kings,SAC,5,201158,Marco Belinelli,1610612766.0,Charlotte,Hornets,CHA,1,0,,,,,,1
79,0021600866,88,3,13,1,5:26 PM,3:39,,,Belinelli Free Throw 1 of 3 (1 PTS),17 - 15,-2,5,201158,Marco Belinelli,1610612766.0,Charlotte,Hornets,CHA,0,0,,,,,,0,0,,,,,,0
80,0021600866,90,3,14,1,5:26 PM,3:39,,,Belinelli Free Throw 2 of 3 (2 PTS),18 - 15,-3,5,201158,Marco Belinelli,1610612766.0,Charlotte,Hornets,CHA,0,0,,,,,,0,0,,,,,,0
81,0021600866,92,3,15,1,5:27 PM,3:39,,,Belinelli Free Throw 3 of 3 (3 PTS),19 - 15,-4,5,201158,Marco Belinelli,1610612766.0,Charlotte,Hornets,CHA,0,0,,,,,,0,0,,,,,,0
82,0021600866,95,1,47,1,5:27 PM,3:17,Labissiere 10' Turnaround Jump Shot (2 PTS) (Cauley-Stein 1 AST),,,19 - 17,-2,4,1627746,Skal Labissiere,1610612758.0,Sacramento,Kings,SAC,4,1626161,Willie Cauley-Stein,1610612758.0,Sacramento,Kings,SAC,0,0,,,,,,1
83,0021600866,96,2,79,1,5:27 PM,3:04,,,MISS Walker 21' Pullup Jump Shot,,,5,202689,Kemba Walker,1610612766.0,Charlotte,Hornets,CHA,0,0,,,,,,0,0,,,,,,1
84,0021600866,97,4,0,1,5:27 PM,3:04,Collison REBOUND (Off:0 Def:1),,,,,4,201954,Darren Collison,1610612758.0,Sacramento,Kings,SAC,0,0,,,,,,0,0,,,,,,1
85,0021600866,98,2,1,1,5:28 PM,2:48,MISS Lawson 19' Jump Shot,,,,,4,201951,Ty Lawson,1610612758.0,Sacramento,Kings,SAC,0,0,,,,,,0,0,,,,,,1
86,0021600866,99,4,0,1,5:28 PM,2:47,Labissiere REBOUND (Off:1 Def:0),,,,,4,1627746,Skal Labissiere,1610612758.0,Sacramento,Kings,SAC,0,0,,,,,,0,0,,,,,,1
87,0021600866,100,6,1,1,5:28 PM,2:45,,,Kidd-Gilchrist P.FOUL (P1.T2) (S.Foster),,,5,203077,Michael Kidd-Gilchrist,1610612766.0,Charlotte,Hornets,CHA,4,1627746,Skal Labissiere,1610612758.0,Sacramento,Kings,SAC,1,0,,,,,,1
88,0021600866,103,9,1,1,5:28 PM,2:45,,,Hornets Timeout: Regular (Reg.1 Short 0),,,3,1610612766,,,,,,0,0,,,,,,0,0,,,,,,0
89,0021600866,105,8,0,1,5:30 PM,2:45,,,SUB: Roberts FOR Walker,,,5,202689,Kemba Walker,1610612766.0,Charlotte,Hornets,CHA,5,203148,Brian Roberts,1610612766.0,Charlotte,Hornets,CHA,0,0,,,,,,0
90,0021600866,106,8,0,1,5:30 PM,2:45,SUB: Galloway FOR Collison,,,,,4,201954,Darren Collison,1610612758.0,Sacramento,Kings,SAC,4,204038,Langston Galloway,1610612758.0,Sacramento,Kings,SAC,0,0,,,,,,0
91,0021600866,107,1,78,1,5:31 PM,2:30,Labissiere 6' Floating Jump Shot (4 PTS) (Lawson 1 AST),,,19 - 19,TIE,4,1627746,Skal Labissiere,1610612758.0,Sacramento,Kings,SAC,4,201951,Ty Lawson,1610612758.0,Sacramento,Kings,SAC,0,0,,,,,,1
92,0021600866,108,2,1,1,5:31 PM,2:15,,,MISS Kaminsky 27' 3PT Jump Shot,,,5,1626163,Frank Kaminsky,1610612766.0,Charlotte,Hornets,CHA,0,0,,,,,,0,0,,,,,,1
93,0021600866,109,4,0,1,5:31 PM,2:15,Hield REBOUND (Off:0 Def:1),,,,,4,1627741,Buddy Hield,1610612758.0,Sacramento,Kings,SAC,0,0,,,,,,0,0,,,,,,1
94,0021600866,110,2,1,1,5:31 PM,2:00,MISS Hield 26' 3PT Jump Shot,,,,,4,1627741,Buddy Hield,1610612758.0,Sacramento,Kings,SAC,0,0,,,,,,0,0,,,,,,1
95,0021600866,111,4,0,1,5:31 PM,2:00,,,Lamb REBOUND (Off:0 Def:1),,,5,203087,Jeremy Lamb,1610612766.0,Charlotte,Hornets,CHA,0,0,,,,,,0,0,,,,,,1
96,0021600866,113,1,79,1,5:31 PM,1:50,,,Lamb 26' 3PT Pullup Jump Shot (3 PTS),22 - 19,-3,5,203087,Jeremy Lamb,1610612766.0,Charlotte,Hornets,CHA,0,0,,,,,,0,0,,,,,,1
97,0021600866,116,8,0,1,5:32 PM,1:34,,,SUB: Williams FOR Kidd-Gilchrist,,,5,203077,Michael Kidd-Gilchrist,1610612766.0,Charlotte,Hornets,CHA,5,101107,Marvin Williams,1610612766.0,Charlotte,Hornets,CHA,0,0,,,,,,0
98,0021600866,117,5,1,1,5:32 PM,1:28,Lawson Bad Pass Turnover (P2.T4),,Kaminsky STEAL (2 STL),,,4,201951,Ty Lawson,1610612758.0,Sacramento,Kings,SAC,5,1626163,Frank Kaminsky,1610612766.0,Charlotte,Hornets,CHA,0,0,,,,,,1
99,0021600866,118,5,4,1,5:32 PM,1:14,,,Williams Traveling Turnover (P1.T2),,,5,101107,Marvin Williams,1610612766.0,Charlotte,Hornets,CHA,0,0,,,,,,1,0,,,,,,1
100,0021600866,119,2,1,1,5:33 PM,0:56,MISS Cauley-Stein 10' Jump Shot,,,,,4,1626161,Willie Cauley-Stein,1610612758.0,Sacramento,Kings,SAC,0,0,,,,,,0,0,,,,,,1
101,0021600866,120,4,0,1,5:33 PM,0:55,,,Williams REBOUND (Off:0 Def:1),,,5,101107,Marvin Williams,1610612766.0,Charlotte,Hornets,CHA,0,0,,,,,,0,0,,,,,,1
102,0021600866,121,1,47,1,5:33 PM,0:47,,,Kaminsky 8' Turnaround Jump Shot (2 PTS) (Roberts 1 AST),24 - 19,-5,5,1626163,Frank Kaminsky,1610612766.0,Charlotte,Hornets,CHA,5,203148,Brian Roberts,1610612766.0,Charlotte,Hornets,CHA,0,0,,,,,,1
103,0021600866,123,2,47,1,5:33 PM,0:27,MISS Labissiere 8' Turnaround Jump Shot,,,,,4,1627746,Skal Labissiere,1610612758.0,Sacramento,Kings,SAC,0,0,,,,,,0,0,,,,,,1
104,0021600866,124,4,0,1,5:33 PM,0:27,,,Williams REBOUND (Off:0 Def:2),,,5,101107,Marvin Williams,1610612766.0,Charlotte,Hornets,CHA,0,0,,,,,,0,0,,,,,,1
105,0021600866,125,2,1,1,5:34 PM,0:01,,,MISS Kaminsky 24' 3PT Jump Shot,,,5,1626163,Frank Kaminsky,1610612766.0,Charlotte,Hornets,CHA,0,0,,,,,,0,0,,,,,,1
106,0021600866,126,4,0,1,5:34 PM,0:01,Labissiere REBOUND (Off:1 Def:1),,,,,4,1627746,Skal Labissiere,1610612758.0,Sacramento,Kings,SAC,0,0,,,,,,0,0,,,,,,1
107,0021600866,127,13,0,1,5:34 PM,0:00,,End of 1st Period (5:34 PM EST),,24 - 19,-5,0,0,,,,,,0,0,,,,,,0,0,,,,,,0
108,0021600866,129,12,0,2,5:37 PM,12:00,,Start of 2nd Period (5:37 PM EST),,24 - 19,-5,0,0,,,,,,0,0,,,,,,0,0,,,,,,0
109,0021600866,130,1,1,2,5:37 PM,11:38,,,Belinelli 19' Jump Shot (5 PTS) (Kaminsky 3 AST),26 - 19,-7,5,201158,Marco Belinelli,1610612766.0,Charlotte,Hornets,CHA,5,1626163,Frank Kaminsky,1610612766.0,Charlotte,Hornets,CHA,0,0,,,,,,1
110,0021600866,131,1,78,2,5:37 PM,11:21,Hield 10' Floating Jump Shot (2 PTS),,,26 - 21,-5,4,1627741,Buddy Hield,1610612758.0,Sacramento,Kings,SAC,0,0,,,,,,0,0,,,,,,1
111,0021600866,132,2,1,2,5:38 PM,11:02,,,MISS Kaminsky 10' Jump Shot,,,5,1626163,Frank Kaminsky,1610612766.0,Charlotte,Hornets,CHA,0,0,,,,,,0,0,,,,,,1
112,0021600866,133,4,0,2,5:38 PM,11:01,Cauley-Stein REBOUND (Off:0 Def:1),,,,,4,1626161,Willie Cauley-Stein,1610612758.0,Sacramento,Kings,SAC,0,0,,,,,,0,0,,,,,,1
113,0021600866,134,2,1,2,5:38 PM,10:53,MISS Cauley-Stein 15' Jump Shot,,,,,4,1626161,Willie Cauley-Stein,1610612758.0,Sacramento,Kings,SAC,0,0,,,,,,0,0,,,,,,1
114,0021600866,135,4,0,2,5:38 PM,10:53,,,Kaminsky REBOUND (Off:0 Def:3),,,5,1626163,Frank Kaminsky,1610612766.0,Charlotte,Hornets,CHA,0,0,,,,,,0,0,,,,,,1
115,0021600866,136,1,108,2,5:38 PM,10:42,,,Kaminsky  Cutting Dunk Shot (4 PTS) (Roberts 2 AST),28 - 21,-7,5,1626163,Frank Kaminsky,1610612766.0,Charlotte,Hornets,CHA,5,203148,Brian Roberts,1610612766.0,Charlotte,Hornets,CHA,0,0,,,,,,1
116,0021600866,137,5,1,2,5:38 PM,10:33,Hield Bad Pass Turnover (P1.T5),,Lamb STEAL (1 STL),,,4,1627741,Buddy Hield,1610612758.0,Sacramento,Kings,SAC,5,203087,Jeremy Lamb,1610612766.0,Charlotte,Hornets,CHA,0,0,,,,,,1
117,0021600866,138,1,41,2,5:38 PM,10:28,,,Lamb 3' Running Layup (5 PTS) (Roberts 3 AST),30 - 21,-9,5,203087,Jeremy Lamb,1610612766.0,Charlotte,Hornets,CHA,5,203148,Brian Roberts,1610612766.0,Charlotte,Hornets,CHA,0,0,,,,,,1
118,0021600866,139,2,1,2,5:38 PM,10:10,MISS Labissiere 20' Jump Shot,,,,,4,1627746,Skal Labissiere,1610612758.0,Sacramento,Kings,SAC,0,0,,,,,,0,0,,,,,,1
119,0021600866,140,4,0,2,5:38 PM,10:09,,,Williams REBOUND (Off:0 Def:3),,,5,101107,Marvin Williams,1610612766.0,Charlotte,Hornets,CHA,0,0,,,,,,0,0,,,,,,1
120,0021600866,141,2,1,2,5:39 PM,9:57,,,MISS Belinelli 26' 3PT Jump Shot,,,5,201158,Marco Belinelli,1610612766.0,Charlotte,Hornets,CHA,0,0,,,,,,0,0,,,,,,1
121,0021600866,142,4,0,2,5:39 PM,9:57,Labissiere REBOUND (Off:1 Def:2),,,,,4,1627746,Skal Labissiere,1610612758.0,Sacramento,Kings,SAC,0,0,,,,,,0,0,,,,,,1
122,0021600866,143,6,2,2,5:39 PM,9:47,,,Roberts S.FOUL (P1.T1) (S.Foster),,,5,203148,Brian Roberts,1610612766.0,Charlotte,Hornets,CHA,4,201951,Ty Lawson,1610612758.0,Sacramento,Kings,SAC,1,0,,,,,,1
123,0021600866,144,3,11,2,5:39 PM,9:47,MISS Lawson Free Throw 1 of 2,,,,,4,201951,Ty Lawson,1610612758.0,Sacramento,Kings,SAC,0,0,,,,,,0,0,,,,,,0
124,0021600866,145,4,1,2,5:39 PM,9:47,KINGS Rebound,,,,,2,1610612758,,,,,,0,0,,,,,,0,0,,,,,,0
125,0021600866,146,8,0,2,5:39 PM,9:47,,,SUB: Batum FOR Lamb,,,5,203087,Jeremy Lamb,1610612766.0,Charlotte,Hornets,CHA,5,201587,Nicolas Batum,1610612766.0,Charlotte,Hornets,CHA,0,0,,,,,,0
126,0021600866,147,8,0,2,5:39 PM,9:47,,,SUB: Wood FOR Kaminsky,,,5,1626163,Frank Kaminsky,1610612766.0,Charlotte,Hornets,CHA,5,1626174,Christian Wood,1610612766.0,Charlotte,Hornets,CHA,0,0,,,,,,0
127,0021600866,148,3,12,2,5:40 PM,9:47,Lawson Free Throw 2 of 2 (1 PTS),,,30 - 22,-8,4,201951,Ty Lawson,1610612758.0,Sacramento,Kings,SAC,0,0,,,,,,0,0,,,,,,0
128,0021600866,150,1,108,2,5:40 PM,9:30,,,Wood  Cutting Dunk Shot (4 PTS) (Belinelli 1 AST),32 - 22,-10,5,1626174,Christian Wood,1610612766.0,Charlotte,Hornets,CHA,5,201158,Marco Belinelli,1610612766.0,Charlotte,Hornets,CHA,0,0,,,,,,1
129,0021600866,151,2,1,2,5:40 PM,9:20,MISS Cauley-Stein 4' Jump Shot,,,,,4,1626161,Willie Cauley-Stein,1610612758.0,Sacramento,Kings,SAC,0,0,,,,,,0,0,,,,,,1
130,0021600866,153,4,0,2,5:40 PM,9:19,Labissiere REBOUND (Off:2 Def:2),,,,,4,1627746,Skal Labissiere,1610612758.0,Sacramento,Kings,SAC,0,0,,,,,,0,0,,,,,,1
131,0021600866,152,1,87,2,5:40 PM,9:19,Labissiere  Putback Dunk (6 PTS),,,32 - 24,-8,4,1627746,Skal Labissiere,1610612758.0,Sacramento,Kings,SAC,0,0,,,,,,0,0,,,,,,1
132,0021600866,154,6,1,2,5:40 PM,9:06,Hield P.FOUL (P1.T1) (S.Foster),,,,,4,1627741,Buddy Hield,1610612758.0,Sacramento,Kings,SAC,5,1626174,Christian Wood,1610612766.0,Charlotte,Hornets,CHA,1,0,,,,,,1
133,0021600866,155,2,1,2,5:41 PM,9:01,,,MISS Batum 25' 3PT Jump Shot,,,5,201587,Nicolas Batum,1610612766.0,Charlotte,Hornets,CHA,0,0,,,,,,0,0,,,,,,1
134,0021600866,156,4,0,2,5:41 PM,9:00,Labissiere REBOUND (Off:2 Def:3),,,,,4,1627746,Skal Labissiere,1610612758.0,Sacramento,Kings,SAC,0,0,,,,,,0,0,,,,,,1
135,0021600866,157,2,79,2,5:41 PM,8:47,MISS Cauley-Stein 7' Pullup Jump Shot,,,,,4,1626161,Willie Cauley-Stein,1610612758.0,Sacramento,Kings,SAC,0,0,,,,,,0,0,,,,,,1
136,0021600866,158,4,0,2,5:41 PM,8:47,KINGS Rebound,,,,,2,1610612758,,,,,,0,0,,,,,,0,0,,,,,,0
137,0021600866,159,9,4,2,5:41 PM,8:47,,Timeout: Official,,,,1,0,,,,,,0,0,,,,,,0,0,,,,,,0
138,0021600866,163,2,1,2,5:44 PM,8:29,MISS Labissiere 26' 3PT Jump Shot,,,,,4,1627746,Skal Labissiere,1610612758.0,Sacramento,Kings,SAC,0,0,,,,,,0,0,,,,,,1
139,0021600866,164,4,0,2,5:44 PM,8:29,,,Batum REBOUND (Off:0 Def:4),,,5,201587,Nicolas Batum,1610612766.0,Charlotte,Hornets,CHA,0,0,,,,,,0,0,,,,,,1
140,0021600866,165,2,1,2,5:44 PM,8:19,Cauley-Stein BLOCK (1 BLK),,MISS Roberts 6' Jump Shot,,,5,203148,Brian Roberts,1610612766.0,Charlotte,Hornets,CHA,0,0,,,,,,4,1626161,Willie Cauley-Stein,1610612758.0,Sacramento,Kings,SAC,1
141,0021600866,166,4,0,2,5:44 PM,8:17,Lawson REBOUND (Off:0 Def:1),,,,,4,201951,Ty Lawson,1610612758.0,Sacramento,Kings,SAC,0,0,,,,,,0,0,,,,,,1
142,0021600866,167,2,1,2,5:44 PM,8:13,MISS Hield 25' 3PT Jump Shot,,,,,4,1627741,Buddy Hield,1610612758.0,Sacramento,Kings,SAC,0,0,,,,,,0,0,,,,,,1
143,0021600866,168,4,0,2,5:44 PM,8:12,,,Batum REBOUND (Off:0 Def:5),,,5,201587,Nicolas Batum,1610612766.0,Charlotte,Hornets,CHA,0,0,,,,,,0,0,,,,,,1
144,0021600866,169,6,2,2,5:45 PM,7:56,Labissiere S.FOUL (P1.T2) (J.VanDuyne),,,,,4,1627746,Skal Labissiere,1610612758.0,Sacramento,Kings,SAC,5,1626174,Christian Wood,1610612766.0,Charlotte,Hornets,CHA,1,0,,,,,,1
145,0021600866,170,3,11,2,5:45 PM,7:56,,,MISS Wood Free Throw 1 of 2,,,5,1626174,Christian Wood,1610612766.0,Charlotte,Hornets,CHA,0,0,,,,,,0,0,,,,,,0
146,0021600866,171,4,1,2,5:45 PM,7:56,,,Hornets Rebound,,,3,1610612766,,,,,,0,0,,,,,,0,0,,,,,,0
147,0021600866,172,8,0,2,5:45 PM,7:56,,,SUB: Walker FOR Roberts,,,5,203148,Brian Roberts,1610612766.0,Charlotte,Hornets,CHA,5,202689,Kemba Walker,1610612766.0,Charlotte,Hornets,CHA,0,0,,,,,,0
148,0021600866,173,8,0,2,5:45 PM,7:56,SUB: Evans FOR Hield,,,,,4,1627741,Buddy Hield,1610612758.0,Sacramento,Kings,SAC,4,201936,Tyreke Evans,1610612758.0,Sacramento,Kings,SAC,0,0,,,,,,0
149,0021600866,174,8,0,2,5:45 PM,7:56,SUB: McLemore FOR Galloway,,,,,4,204038,Langston Galloway,1610612758.0,Sacramento,Kings,SAC,4,203463,Ben McLemore,1610612758.0,Sacramento,Kings,SAC,0,0,,,,,,0
150,0021600866,175,3,12,2,5:45 PM,7:56,,,Wood Free Throw 2 of 2 (5 PTS),33 - 24,-9,5,1626174,Christian Wood,1610612766.0,Charlotte,Hornets,CHA,0,0,,,,,,0,0,,,,,,0
151,0021600866,177,2,1,2,5:46 PM,7:32,MISS McLemore 24' 3PT Jump Shot,,,,,4,203463,Ben McLemore,1610612758.0,Sacramento,Kings,SAC,0,0,,,,,,0,0,,,,,,1
152,0021600866,178,4,0,2,5:46 PM,7:29,,,Belinelli REBOUND (Off:0 Def:1),,,5,201158,Marco Belinelli,1610612766.0,Charlotte,Hornets,CHA,0,0,,,,,,0,0,,,,,,1
153,0021600866,179,5,45,2,5:46 PM,7:22,,,Belinelli Out of Bounds - Bad Pass Turnover Turnover (P1.T3),,,5,201158,Marco Belinelli,1610612766.0,Charlotte,Hornets,CHA,0,0,,,,,,0,0,,,,,,1
154,0021600866,180,2,1,2,5:46 PM,7:09,MISS McLemore 15' Jump Shot,,,,,4,203463,Ben McLemore,1610612758.0,Sacramento,Kings,SAC,0,0,,,,,,0,0,,,,,,1
155,0021600866,181,4,0,2,5:46 PM,7:08,,,Williams REBOUND (Off:0 Def:4),,,5,101107,Marvin Williams,1610612766.0,Charlotte,Hornets,CHA,0,0,,,,,,0,0,,,,,,1
156,0021600866,182,2,1,2,5:47 PM,6:55,,,MISS Wood 26' 3PT Jump Shot,,,5,1626174,Christian Wood,1610612766.0,Charlotte,Hornets,CHA,0,0,,,,,,0,0,,,,,,1
157,0021600866,183,4,0,2,5:47 PM,6:55,Cauley-Stein REBOUND (Off:0 Def:2),,,,,4,1626161,Willie Cauley-Stein,1610612758.0,Sacramento,Kings,SAC,0,0,,,,,,0,0,,,,,,1
158,0021600866,184,6,2,2,5:47 PM,6:49,,,Wood S.FOUL (P1.T2) (J.VanDuyne),,,5,1626174,Christian Wood,1610612766.0,Charlotte,Hornets,CHA,4,201936,Tyreke Evans,1610612758.0,Sacramento,Kings,SAC,1,0,,,,,,1
159,0021600866,185,3,11,2,5:47 PM,6:49,Evans Free Throw 1 of 2 (1 PTS),,,33 - 25,-8,4,201936,Tyreke Evans,1610612758.0,Sacramento,Kings,SAC,0,0,,,,,,0,0,,,,,,0
160,0021600866,187,8,0,2,5:47 PM,6:49,SUB: Tolliver FOR Labissiere,,,,,4,1627746,Skal Labissiere,1610612758.0,Sacramento,Kings,SAC,4,201229,Anthony Tolliver,1610612758.0,Sacramento,Kings,SAC,0,0,,,,,,0
161,0021600866,188,8,0,2,5:47 PM,6:49,,,SUB: Kidd-Gilchrist FOR Williams,,,5,101107,Marvin Williams,1610612766.0,Charlotte,Hornets,CHA,5,203077,Michael Kidd-Gilchrist,1610612766.0,Charlotte,Hornets,CHA,0,0,,,,,,0
162,0021600866,189,8,0,2,5:47 PM,6:49,,,SUB: Kaminsky FOR Wood,,,5,1626174,Christian Wood,1610612766.0,Charlotte,Hornets,CHA,5,1626163,Frank Kaminsky,1610612766.0,Charlotte,Hornets,CHA,0,0,,,,,,0
163,0021600866,190,3,12,2,5:47 PM,6:49,Evans Free Throw 2 of 2 (2 PTS),,,33 - 26,-7,4,201936,Tyreke Evans,1610612758.0,Sacramento,Kings,SAC,0,0,,,,,,0,0,,,,,,0
164,0021600866,192,2,42,2,5:48 PM,6:38,Cauley-Stein BLOCK (2 BLK),,MISS Batum 4' Driving Layup,,,5,201587,Nicolas Batum,1610612766.0,Charlotte,Hornets,CHA,0,0,,,,,,4,1626161,Willie Cauley-Stein,1610612758.0,Sacramento,Kings,SAC,1
165,0021600866,193,4,0,2,5:48 PM,6:35,Evans REBOUND (Off:0 Def:5),,,,,4,201936,Tyreke Evans,1610612758.0,Sacramento,Kings,SAC,0,0,,,,,,0,0,,,,,,1
166,0021600866,194,1,42,2,5:48 PM,6:29,Evans 2' Driving Layup (4 PTS),,,33 - 28,-5,4,201936,Tyreke Evans,1610612758.0,Sacramento,Kings,SAC,0,0,,,,,,0,0,,,,,,1
167,0021600866,195,9,1,2,5:48 PM,6:21,,,Hornets Timeout: Regular (Reg.2 Short 0),,,3,1610612766,,,,,,0,0,,,,,,0,0,,,,,,0
168,0021600866,198,1,1,2,5:51 PM,6:07,,,Kaminsky 25' 3PT Jump Shot (7 PTS) (Belinelli 2 AST),36 - 28,-8,5,1626163,Frank Kaminsky,1610612766.0,Charlotte,Hornets,CHA,5,201158,Marco Belinelli,1610612766.0,Charlotte,Hornets,CHA,0,0,,,,,,1
169,0021600866,199,5,1,2,5:51 PM,5:50,Tolliver Bad Pass Turnover (P2.T6),,Batum STEAL (1 STL),,,4,201229,Anthony Tolliver,1610612758.0,Sacramento,Kings,SAC,5,201587,Nicolas Batum,1610612766.0,Charlotte,Hornets,CHA,0,0,,,,,,1
170,0021600866,200,1,42,2,5:51 PM,5:45,,,Walker 2' Driving Layup (4 PTS) (Kidd-Gilchrist 2 AST),38 - 28,-10,5,202689,Kemba Walker,1610612766.0,Charlotte,Hornets,CHA,5,203077,Michael Kidd-Gilchrist,1610612766.0,Charlotte,Hornets,CHA,0,0,,,,,,1
171,0021600866,201,1,42,2,5:51 PM,5:30,Evans 4' Driving Layup (6 PTS),,,38 - 30,-8,4,201936,Tyreke Evans,1610612758.0,Sacramento,Kings,SAC,0,0,,,,,,0,0,,,,,,1
172,0021600866,202,2,1,2,5:52 PM,5:15,,,MISS Kidd-Gilchrist  3PT Jump Shot,,,5,203077,Michael Kidd-Gilchrist,1610612766.0,Charlotte,Hornets,CHA,0,0,,,,,,0,0,,,,,,1
173,0021600866,203,4,0,2,5:52 PM,5:14,Lawson REBOUND (Off:0 Def:2),,,,,4,201951,Ty Lawson,1610612758.0,Sacramento,Kings,SAC,0,0,,,,,,0,0,,,,,,1
174,0021600866,204,2,1,2,5:52 PM,5:07,MISS McLemore 26' 3PT Jump Shot,,,,,4,203463,Ben McLemore,1610612758.0,Sacramento,Kings,SAC,0,0,,,,,,0,0,,,,,,1
175,0021600866,205,4,0,2,5:52 PM,5:06,Lawson REBOUND (Off:1 Def:2),,,,,4,201951,Ty Lawson,1610612758.0,Sacramento,Kings,SAC,0,0,,,,,,0,0,,,,,,1
176,0021600866,206,1,1,2,5:52 PM,4:45,Lawson 25' 3PT Jump Shot (4 PTS) (Evans 4 AST),,,38 - 33,-5,4,201951,Ty Lawson,1610612758.0,Sacramento,Kings,SAC,4,201936,Tyreke Evans,1610612758.0,Sacramento,Kings,SAC,0,0,,,,,,1
177,0021600866,207,1,1,2,5:52 PM,4:23,,,Belinelli 25' 3PT Jump Shot (8 PTS) (Walker 1 AST),41 - 33,-8,5,201158,Marco Belinelli,1610612766.0,Charlotte,Hornets,CHA,5,202689,Kemba Walker,1610612766.0,Charlotte,Hornets,CHA,0,0,,,,,,1
178,0021600866,208,2,1,2,5:53 PM,4:10,MISS Evans 25' 3PT Jump Shot,,,,,4,201936,Tyreke Evans,1610612758.0,Sacramento,Kings,SAC,0,0,,,,,,0,0,,,,,,1
179,0021600866,209,4,0,2,5:53 PM,4:10,,,Kaminsky REBOUND (Off:0 Def:4),,,5,1626163,Frank Kaminsky,1610612766.0,Charlotte,Hornets,CHA,0,0,,,,,,0,0,,,,,,1
180,0021600866,210,1,1,2,5:53 PM,4:01,,,Walker 26' 3PT Jump Shot (7 PTS) (Belinelli 3 AST),44 - 33,-11,5,202689,Kemba Walker,1610612766.0,Charlotte,Hornets,CHA,5,201158,Marco Belinelli,1610612766.0,Charlotte,Hornets,CHA,0,0,,,,,,1
181,0021600866,211,1,49,2,5:53 PM,3:45,McLemore  Driving Dunk (2 PTS) (Lawson 2 AST),,,44 - 35,-9,4,203463,Ben McLemore,1610612758.0,Sacramento,Kings,SAC,4,201951,Ty Lawson,1610612758.0,Sacramento,Kings,SAC,0,0,,,,,,1
182,0021600866,212,6,1,2,5:53 PM,3:35,Lawson P.FOUL (P2.T3) (M.Boland),,,,,4,201951,Ty Lawson,1610612758.0,Sacramento,Kings,SAC,5,202689,Kemba Walker,1610612766.0,Charlotte,Hornets,CHA,1,0,,,,,,1
183,0021600866,213,8,0,2,5:54 PM,3:35,SUB: Koufos FOR Cauley-Stein,,,,,4,1626161,Willie Cauley-Stein,1610612758.0,Sacramento,Kings,SAC,4,201585,Kosta Koufos,1610612758.0,Sacramento,Kings,SAC,0,0,,,,,,0
184,0021600866,214,8,0,2,5:54 PM,3:35,SUB: Collison FOR Lawson,,,,,4,201951,Ty Lawson,1610612758.0,Sacramento,Kings,SAC,4,201954,Darren Collison,1610612758.0,Sacramento,Kings,SAC,0,0,,,,,,0
185,0021600866,215,8,0,2,5:54 PM,3:35,,,SUB: Williams FOR Belinelli,,,5,201158,Marco Belinelli,1610612766.0,Charlotte,Hornets,CHA,5,101107,Marvin Williams,1610612766.0,Charlotte,Hornets,CHA,0,0,,,,,,0
186,0021600866,216,5,2,2,5:54 PM,3:22,McLemore STEAL (1 STL),,Walker Lost Ball Turnover (P1.T4),,,5,202689,Kemba Walker,1610612766.0,Charlotte,Hornets,CHA,4,203463,Ben McLemore,1610612758.0,Sacramento,Kings,SAC,0,0,,,,,,1
187,0021600866,217,1,1,2,5:54 PM,3:15,Tolliver 26' 3PT Jump Shot (11 PTS) (Evans 5 AST),,,44 - 38,-6,4,201229,Anthony Tolliver,1610612758.0,Sacramento,Kings,SAC,4,201936,Tyreke Evans,1610612758.0,Sacramento,Kings,SAC,0,0,,,,,,1
188,0021600866,218,2,1,2,5:54 PM,2:58,,,MISS Walker 25' 3PT Jump Shot,,,5,202689,Kemba Walker,1610612766.0,Charlotte,Hornets,CHA,0,0,,,,,,0,0,,,,,,1
189,0021600866,219,4,0,2,5:55 PM,2:57,KINGS Rebound,,,,,2,1610612758,,,,,,0,0,,,,,,0,0,,,,,,0
190,0021600866,220,9,1,2,5:55 PM,2:57,KINGS Timeout: Regular (Full 2 Short 0),,,,,2,1610612758,,,,,,0,0,,,,,,0,0,,,,,,0
191,0021600866,224,2,3,2,5:58 PM,2:35,MISS Tolliver 8' Hook Shot,,,,,4,201229,Anthony Tolliver,1610612758.0,Sacramento,Kings,SAC,0,0,,,,,,0,0,,,,,,1
192,0021600866,225,4,0,2,5:58 PM,2:31,Koufos REBOUND (Off:1 Def:2),,,,,4,201585,Kosta Koufos,1610612758.0,Sacramento,Kings,SAC,0,0,,,,,,0,0,,,,,,1
193,0021600866,226,1,98,2,5:58 PM,2:20,Evans 4' Cutting Layup Shot (8 PTS) (Tolliver 1 AST),,,44 - 40,-4,4,201936,Tyreke Evans,1610612758.0,Sacramento,Kings,SAC,4,201229,Anthony Tolliver,1610612758.0,Sacramento,Kings,SAC,0,0,,,,,,1
194,0021600866,227,6,1,2,5:58 PM,2:06,Evans P.FOUL (P2.T4) (J.VanDuyne),,,,,4,201936,Tyreke Evans,1610612758.0,Sacramento,Kings,SAC,5,201587,Nicolas Batum,1610612766.0,Charlotte,Hornets,CHA,1,0,,,,,,1
195,0021600866,228,7,1,2,5:58 PM,2:06,KINGS Violation: Delay of game Violation,,,,,2,1610612758,,,,,,0,0,,,,,,1,0,,,,,,0
196,0021600866,229,2,1,2,5:59 PM,1:54,,,MISS Batum 21' Jump Shot,,,5,201587,Nicolas Batum,1610612766.0,Charlotte,Hornets,CHA,0,0,,,,,,0,0,,,,,,1
197,0021600866,230,4,0,2,5:59 PM,1:54,,,Kaminsky REBOUND (Off:1 Def:4),,,5,1626163,Frank Kaminsky,1610612766.0,Charlotte,Hornets,CHA,0,0,,,,,,0,0,,,,,,1
198,0021600866,231,1,1,2,5:59 PM,1:43,,,Kaminsky 21' Jump Shot (9 PTS),46 - 40,-6,5,1626163,Frank Kaminsky,1610612766.0,Charlotte,Hornets,CHA,0,0,,,,,,0,0,,,,,,1
199,0021600866,232,6,4,2,5:59 PM,1:36,Tolliver OFF.Foul (P2) (J.VanDuyne),,,,,4,201229,Anthony Tolliver,1610612758.0,Sacramento,Kings,SAC,5,202689,Kemba Walker,1610612766.0,Charlotte,Hornets,CHA,1,0,,,,,,1
200,0021600866,233,5,5,2,5:59 PM,1:36,Tolliver Foul Turnover (P3.T7),,,,,4,201229,Anthony Tolliver,1610612758.0,Sacramento,Kings,SAC,0,0,,,,,,1,0,,,,,,1
201,0021600866,234,5,1,2,6:00 PM,1:24,Collison STEAL (1 STL),,Walker Bad Pass Turnover (P2.T5),,,5,202689,Kemba Walker,1610612766.0,Charlotte,Hornets,CHA,4,201954,Darren Collison,1610612758.0,Sacramento,Kings,SAC,0,0,,,,,,1
202,0021600866,235,6,2,2,6:00 PM,1:18,,,Williams S.FOUL (P1.T3) (J.VanDuyne),,,5,101107,Marvin Williams,1610612766.0,Charlotte,Hornets,CHA,4,201229,Anthony Tolliver,1610612758.0,Sacramento,Kings,SAC,1,0,,,,,,1
203,0021600866,238,3,11,2,6:01 PM,1:18,MISS Tolliver Free Throw 1 of 2,,,,,4,201229,Anthony Tolliver,1610612758.0,Sacramento,Kings,SAC,0,0,,,,,,0,0,,,,,,0
204,0021600866,239,4,1,2,6:01 PM,1:18,KINGS Rebound,,,,,2,1610612758,,,,,,0,0,,,,,,0,0,,,,,,0
205,0021600866,240,3,12,2,6:01 PM,1:18,MISS Tolliver Free Throw 2 of 2,,,,,4,201229,Anthony Tolliver,1610612758.0,Sacramento,Kings,SAC,0,0,,,,,,0,0,,,,,,0
206,0021600866,242,4,0,2,6:02 PM,1:17,,,Walker REBOUND (Off:0 Def:2),,,5,202689,Kemba Walker,1610612766.0,Charlotte,Hornets,CHA,0,0,,,,,,0,0,,,,,,1
207,0021600866,243,6,1,2,6:02 PM,1:02,McLemore P.FOUL (P2.PN) (M.Boland),,,,,4,203463,Ben McLemore,1610612758.0,Sacramento,Kings,SAC,5,201587,Nicolas Batum,1610612766.0,Charlotte,Hornets,CHA,1,0,,,,,,1
208,0021600866,244,3,11,2,6:02 PM,1:02,,,Batum Free Throw 1 of 2 (6 PTS),47 - 40,-7,5,201587,Nicolas Batum,1610612766.0,Charlotte,Hornets,CHA,0,0,,,,,,0,0,,,,,,0
209,0021600866,246,8,0,2,6:02 PM,1:02,SUB: Cauley-Stein FOR Tolliver,,,,,4,201229,Anthony Tolliver,1610612758.0,Sacramento,Kings,SAC,4,1626161,Willie Cauley-Stein,1610612758.0,Sacramento,Kings,SAC,0,0,,,,,,0
210,0021600866,247,3,12,2,6:02 PM,1:02,,,Batum Free Throw 2 of 2 (7 PTS),48 - 40,-8,5,201587,Nicolas Batum,1610612766.0,Charlotte,Hornets,CHA,0,0,,,,,,0,0,,,,,,0
211,0021600866,249,2,78,2,6:03 PM,0:53,MISS Koufos 10' Floating Jump Shot,,,,,4,201585,Kosta Koufos,1610612758.0,Sacramento,Kings,SAC,0,0,,,,,,0,0,,,,,,1
212,0021600866,250,4,0,2,6:03 PM,0:52,Koufos REBOUND (Off:2 Def:2),,,,,4,201585,Kosta Koufos,1610612758.0,Sacramento,Kings,SAC,0,0,,,,,,0,0,,,,,,1
213,0021600866,252,5,2,2,6:03 PM,0:49,Koufos Lost Ball Turnover (P1.T8),,Kidd-Gilchrist STEAL (1 STL),,,4,201585,Kosta Koufos,1610612758.0,Sacramento,Kings,SAC,5,203077,Michael Kidd-Gilchrist,1610612766.0,Charlotte,Hornets,CHA,0,0,,,,,,1
214,0021600866,253,2,1,2,6:03 PM,0:41,,,MISS Batum 26' 3PT Jump Shot,,,5,201587,Nicolas Batum,1610612766.0,Charlotte,Hornets,CHA,0,0,,,,,,0,0,,,,,,1
215,0021600866,254,4,0,2,6:03 PM,0:40,McLemore REBOUND (Off:0 Def:1),,,,,4,203463,Ben McLemore,1610612758.0,Sacramento,Kings,SAC,0,0,,,,,,0,0,,,,,,1
216,0021600866,255,2,1,2,6:03 PM,0:29,MISS McLemore 8' Jump Shot,,,,,4,203463,Ben McLemore,1610612758.0,Sacramento,Kings,SAC,0,0,,,,,,0,0,,,,,,1
217,0021600866,256,4,0,2,6:03 PM,0:28,,,Kaminsky REBOUND (Off:1 Def:5),,,5,1626163,Frank Kaminsky,1610612766.0,Charlotte,Hornets,CHA,0,0,,,,,,0,0,,,,,,1
218,0021600866,257,1,1,2,6:04 PM,0:05,,,Kaminsky 26' 3PT Jump Shot (12 PTS) (Walker 2 AST),51 - 40,-11,5,1626163,Frank Kaminsky,1610612766.0,Charlotte,Hornets,CHA,5,202689,Kemba Walker,1610612766.0,Charlotte,Hornets,CHA,0,0,,,,,,1
219,0021600866,258,13,0,2,6:04 PM,0:00,,End of 2nd Period (6:04 PM EST),,51 - 40,-11,0,0,,,,,,0,0,,,,,,0,0,,,,,,0
220,0021600866,260,12,0,3,6:20 PM,12:00,,Start of 3rd Period (6:20 PM EST),,51 - 40,-11,0,0,,,,,,0,0,,,,,,0,0,,,,,,0
221,0021600866,261,2,1,3,6:20 PM,11:43,,,MISS Kaminsky 26' 3PT Jump Shot,,,5,1626163,Frank Kaminsky,1610612766.0,Charlotte,Hornets,CHA,0,0,,,,,,0,0,,,,,,1
222,0021600866,262,4,0,3,6:20 PM,11:42,Tolliver REBOUND (Off:0 Def:3),,,,,4,201229,Anthony Tolliver,1610612758.0,Sacramento,Kings,SAC,0,0,,,,,,0,0,,,,,,1
223,0021600866,263,2,1,3,6:20 PM,11:29,MISS Tolliver 25' 3PT Jump Shot,,,,,4,201229,Anthony Tolliver,1610612758.0,Sacramento,Kings,SAC,0,0,,,,,,0,0,,,,,,1
224,0021600866,264,4,0,3,6:20 PM,11:27,,,Kaminsky REBOUND (Off:1 Def:6),,,5,1626163,Frank Kaminsky,1610612766.0,Charlotte,Hornets,CHA,0,0,,,,,,0,0,,,,,,1
225,0021600866,265,2,5,3,6:20 PM,11:21,,,MISS Williams 2' Layup,,,5,101107,Marvin Williams,1610612766.0,Charlotte,Hornets,CHA,0,0,,,,,,0,0,,,,,,1
226,0021600866,266,4,0,3,6:20 PM,11:19,,,Williams REBOUND (Off:1 Def:4),,,5,101107,Marvin Williams,1610612766.0,Charlotte,Hornets,CHA,0,0,,,,,,0,0,,,,,,1
227,0021600866,267,1,5,3,6:20 PM,11:18,,,Williams 2' Layup (7 PTS),53 - 40,-13,5,101107,Marvin Williams,1610612766.0,Charlotte,Hornets,CHA,0,0,,,,,,0,0,,,,,,1
228,0021600866,268,2,1,3,6:21 PM,10:58,MISS McLemore 25' 3PT Jump Shot,,,,,4,203463,Ben McLemore,1610612758.0,Sacramento,Kings,SAC,0,0,,,,,,0,0,,,,,,1
229,0021600866,269,4,0,3,6:21 PM,10:58,,,Kaminsky REBOUND (Off:1 Def:7),,,5,1626163,Frank Kaminsky,1610612766.0,Charlotte,Hornets,CHA,0,0,,,,,,0,0,,,,,,1
230,0021600866,270,6,1,3,6:21 PM,10:51,McLemore P.FOUL (P3.T1) (S.Foster),,,,,4,203463,Ben McLemore,1610612758.0,Sacramento,Kings,SAC,5,201587,Nicolas Batum,1610612766.0,Charlotte,Hornets,CHA,1,0,,,,,,1
231,0021600866,271,3,11,3,6:21 PM,10:51,,,Batum Free Throw 1 of 2 (8 PTS),54 - 40,-14,5,201587,Nicolas Batum,1610612766.0,Charlotte,Hornets,CHA,0,0,,,,,,0,0,,,,,,0
232,0021600866,273,3,12,3,6:21 PM,10:51,,,Batum Free Throw 2 of 2 (9 PTS),55 - 40,-15,5,201587,Nicolas Batum,1610612766.0,Charlotte,Hornets,CHA,0,0,,,,,,0,0,,,,,,0
233,0021600866,275,2,1,3,6:22 PM,10:32,MISS Collison 25' 3PT Jump Shot,,,,,4,201954,Darren Collison,1610612758.0,Sacramento,Kings,SAC,0,0,,,,,,0,0,,,,,,1
234,0021600866,276,4,0,3,6:22 PM,10:31,,,Kaminsky REBOUND (Off:1 Def:8),,,5,1626163,Frank Kaminsky,1610612766.0,Charlotte,Hornets,CHA,0,0,,,,,,0,0,,,,,,1
235,0021600866,277,2,1,3,6:22 PM,10:17,,,MISS Batum 25' 3PT Jump Shot,,,5,201587,Nicolas Batum,1610612766.0,Charlotte,Hornets,CHA,0,0,,,,,,0,0,,,,,,1
236,0021600866,278,4,0,3,6:22 PM,10:16,Koufos REBOUND (Off:2 Def:3),,,,,4,201585,Kosta Koufos,1610612758.0,Sacramento,Kings,SAC,0,0,,,,,,0,0,,,,,,1
237,0021600866,279,2,5,3,6:22 PM,10:02,MISS Collison 3' Layup,,,,,4,201954,Darren Collison,1610612758.0,Sacramento,Kings,SAC,0,0,,,,,,0,0,,,,,,1
238,0021600866,280,4,0,3,6:22 PM,10:01,,,Kidd-Gilchrist REBOUND (Off:2 Def:2),,,5,203077,Michael Kidd-Gilchrist,1610612766.0,Charlotte,Hornets,CHA,0,0,,,,,,0,0,,,,,,1
239,0021600866,281,1,5,3,6:23 PM,9:41,,,Kaminsky 1' Layup (14 PTS) (Walker 3 AST),57 - 40,-17,5,1626163,Frank Kaminsky,1610612766.0,Charlotte,Hornets,CHA,5,202689,Kemba Walker,1610612766.0,Charlotte,Hornets,CHA,0,0,,,,,,1
240,0021600866,282,2,5,3,6:23 PM,9:27,MISS Evans 3' Layup,,,,,4,201936,Tyreke Evans,1610612758.0,Sacramento,Kings,SAC,0,0,,,,,,0,0,,,,,,1
241,0021600866,283,4,0,3,6:23 PM,9:25,,,Kidd-Gilchrist REBOUND (Off:2 Def:3),,,5,203077,Michael Kidd-Gilchrist,1610612766.0,Charlotte,Hornets,CHA,0,0,,,,,,0,0,,,,,,1
242,0021600866,284,2,1,3,6:23 PM,9:19,,,MISS Walker 15' Jump Shot,,,5,202689,Kemba Walker,1610612766.0,Charlotte,Hornets,CHA,0,0,,,,,,0,0,,,,,,1
243,0021600866,285,4,0,3,6:23 PM,9:19,KINGS Rebound,,,,,2,1610612758,,,,,,0,0,,,,,,0,0,,,,,,0
244,0021600866,286,2,1,3,6:23 PM,9:00,MISS Tolliver 25' 3PT Jump Shot,,,,,4,201229,Anthony Tolliver,1610612758.0,Sacramento,Kings,SAC,0,0,,,,,,0,0,,,,,,1
245,0021600866,287,4,0,3,6:23 PM,8:59,,,Kidd-Gilchrist REBOUND (Off:2 Def:4),,,5,203077,Michael Kidd-Gilchrist,1610612766.0,Charlotte,Hornets,CHA,0,0,,,,,,0,0,,,,,,1
246,0021600866,288,1,1,3,6:24 PM,8:43,,,Kaminsky 25' 3PT Jump Shot (17 PTS) (Kidd-Gilchrist 3 AST),60 - 40,-20,5,1626163,Frank Kaminsky,1610612766.0,Charlotte,Hornets,CHA,5,203077,Michael Kidd-Gilchrist,1610612766.0,Charlotte,Hornets,CHA,0,0,,,,,,1
247,0021600866,289,9,1,3,6:24 PM,8:42,KINGS Timeout: Regular (Full 3 Short 0),,,,,2,1610612758,,,,,,0,0,,,,,,0,0,,,,,,0
248,0021600866,292,5,1,3,6:26 PM,8:30,Tolliver Bad Pass Turnover (P4.T9),,Kidd-Gilchrist STEAL (2 STL),,,4,201229,Anthony Tolliver,1610612758.0,Sacramento,Kings,SAC,5,203077,Michael Kidd-Gilchrist,1610612766.0,Charlotte,Hornets,CHA,0,0,,,,,,1
249,0021600866,293,2,1,3,6:27 PM,8:24,Evans BLOCK (2 BLK),,MISS Walker 9' Jump Shot,,,5,202689,Kemba Walker,1610612766.0,Charlotte,Hornets,CHA,0,0,,,,,,4,201936,Tyreke Evans,1610612758.0,Sacramento,Kings,SAC,1
250,0021600866,294,4,0,3,6:27 PM,8:21,,,Kidd-Gilchrist REBOUND (Off:3 Def:4),,,5,203077,Michael Kidd-Gilchrist,1610612766.0,Charlotte,Hornets,CHA,0,0,,,,,,0,0,,,,,,1
251,0021600866,295,1,1,3,6:27 PM,8:19,,,Williams 5' Jump Shot (9 PTS),62 - 40,-22,5,101107,Marvin Williams,1610612766.0,Charlotte,Hornets,CHA,0,0,,,,,,0,0,,,,,,1
252,0021600866,296,6,2,3,6:27 PM,8:19,Evans S.FOUL (P3.T2) (J.VanDuyne),,,,,4,201936,Tyreke Evans,1610612758.0,Sacramento,Kings,SAC,5,101107,Marvin Williams,1610612766.0,Charlotte,Hornets,CHA,1,0,,,,,,1
253,0021600866,297,3,10,3,6:27 PM,8:19,,,Williams Free Throw 1 of 1 (10 PTS),63 - 40,-23,5,101107,Marvin Williams,1610612766.0,Charlotte,Hornets,CHA,0,0,,,,,,0,0,,,,,,0
254,0021600866,299,6,4,3,6:27 PM,8:10,Koufos OFF.Foul (P1) (S.Foster),,,,,4,201585,Kosta Koufos,1610612758.0,Sacramento,Kings,SAC,5,203077,Michael Kidd-Gilchrist,1610612766.0,Charlotte,Hornets,CHA,1,0,,,,,,1
255,0021600866,300,5,5,3,6:27 PM,8:10,Koufos Foul Turnover (P2.T10),,,,,4,201585,Kosta Koufos,1610612758.0,Sacramento,Kings,SAC,0,0,,,,,,1,0,,,,,,1
256,0021600866,301,2,3,3,6:28 PM,7:53,,,MISS Kaminsky 9' Hook Shot,,,5,1626163,Frank Kaminsky,1610612766.0,Charlotte,Hornets,CHA,0,0,,,,,,0,0,,,,,,1
257,0021600866,302,4,0,3,6:28 PM,7:53,Tolliver REBOUND (Off:0 Def:4),,,,,4,201229,Anthony Tolliver,1610612758.0,Sacramento,Kings,SAC,0,0,,,,,,0,0,,,,,,1
258,0021600866,303,2,1,3,6:28 PM,7:35,MISS Evans 25' 3PT Jump Shot,,,,,4,201936,Tyreke Evans,1610612758.0,Sacramento,Kings,SAC,0,0,,,,,,0,0,,,,,,1
259,0021600866,304,4,0,3,6:28 PM,7:34,Koufos REBOUND (Off:3 Def:3),,,,,4,201585,Kosta Koufos,1610612758.0,Sacramento,Kings,SAC,0,0,,,,,,0,0,,,,,,1
260,0021600866,305,1,1,3,6:28 PM,7:27,McLemore  3PT Jump Shot (5 PTS) (Collison 3 AST),,,63 - 43,-20,4,203463,Ben McLemore,1610612758.0,Sacramento,Kings,SAC,4,201954,Darren Collison,1610612758.0,Sacramento,Kings,SAC,0,0,,,,,,1
261,0021600866,306,2,1,3,6:29 PM,7:06,,,MISS Walker 26' 3PT Jump Shot,,,5,202689,Kemba Walker,1610612766.0,Charlotte,Hornets,CHA,0,0,,,,,,0,0,,,,,,1
262,0021600866,307,4,0,3,6:29 PM,7:06,,,Walker REBOUND (Off:1 Def:2),,,5,202689,Kemba Walker,1610612766.0,Charlotte,Hornets,CHA,0,0,,,,,,0,0,,,,,,1
263,0021600866,309,1,63,3,6:29 PM,6:48,,,Batum 11' Fadeaway Jumper (11 PTS),65 - 43,-22,5,201587,Nicolas Batum,1610612766.0,Charlotte,Hornets,CHA,0,0,,,,,,0,0,,,,,,1
264,0021600866,310,2,3,3,6:30 PM,6:32,MISS Koufos 7' Hook Shot,,,,,4,201585,Kosta Koufos,1610612758.0,Sacramento,Kings,SAC,0,0,,,,,,0,0,,,,,,1
265,0021600866,311,4,0,3,6:30 PM,6:32,,,Kidd-Gilchrist REBOUND (Off:3 Def:5),,,5,203077,Michael Kidd-Gilchrist,1610612766.0,Charlotte,Hornets,CHA,0,0,,,,,,0,0,,,,,,1
266,0021600866,312,5,45,3,6:30 PM,6:22,,,Walker Out of Bounds - Bad Pass Turnover Turnover (P3.T6),,,5,202689,Kemba Walker,1610612766.0,Charlotte,Hornets,CHA,0,0,,,,,,0,0,,,,,,1
267,0021600866,313,8,0,3,6:30 PM,6:22,SUB: Cauley-Stein FOR Tolliver,,,,,4,201229,Anthony Tolliver,1610612758.0,Sacramento,Kings,SAC,4,1626161,Willie Cauley-Stein,1610612758.0,Sacramento,Kings,SAC,0,0,,,,,,0
268,0021600866,314,1,42,3,6:30 PM,6:11,Evans 4' Driving Layup (10 PTS),,,65 - 45,-20,4,201936,Tyreke Evans,1610612758.0,Sacramento,Kings,SAC,0,0,,,,,,0,0,,,,,,1
269,0021600866,315,6,2,3,6:30 PM,6:11,,,Kaminsky S.FOUL (P2.T1) (S.Foster),,,5,1626163,Frank Kaminsky,1610612766.0,Charlotte,Hornets,CHA,4,201936,Tyreke Evans,1610612758.0,Sacramento,Kings,SAC,1,0,,,,,,1
270,0021600866,316,8,0,3,6:31 PM,6:11,,,SUB: Wood FOR Williams,,,5,101107,Marvin Williams,1610612766.0,Charlotte,Hornets,CHA,5,1626174,Christian Wood,1610612766.0,Charlotte,Hornets,CHA,0,0,,,,,,0
271,0021600866,317,8,0,3,6:31 PM,6:11,,,SUB: Lamb FOR Kaminsky,,,5,1626163,Frank Kaminsky,1610612766.0,Charlotte,Hornets,CHA,5,203087,Jeremy Lamb,1610612766.0,Charlotte,Hornets,CHA,0,0,,,,,,0
272,0021600866,318,3,10,3,6:31 PM,6:11,Evans Free Throw 1 of 1 (11 PTS),,,65 - 46,-19,4,201936,Tyreke Evans,1610612758.0,Sacramento,Kings,SAC,0,0,,,,,,0,0,,,,,,0
273,0021600866,320,1,57,3,6:31 PM,5:56,,,Batum 7' Driving Hook Shot (13 PTS),67 - 46,-21,5,201587,Nicolas Batum,1610612766.0,Charlotte,Hornets,CHA,0,0,,,,,,0,0,,,,,,1
274,0021600866,321,2,1,3,6:32 PM,5:40,MISS McLemore 26' 3PT Jump Shot,,,,,4,203463,Ben McLemore,1610612758.0,Sacramento,Kings,SAC,0,0,,,,,,0,0,,,,,,1
275,0021600866,322,4,0,3,6:32 PM,5:40,KINGS Rebound,,,,,2,1610612758,,,,,,0,0,,,,,,0,0,,,,,,0
276,0021600866,323,6,3,3,6:32 PM,5:40,,,Wood L.B.FOUL (P2.T2) (J.VanDuyne),,,5,1626174,Christian Wood,1610612766.0,Charlotte,Hornets,CHA,4,201585,Kosta Koufos,1610612758.0,Sacramento,Kings,SAC,1,0,,,,,,1
277,0021600866,324,8,0,3,6:32 PM,5:40,SUB: Hield FOR Evans,,,,,4,201936,Tyreke Evans,1610612758.0,Sacramento,Kings,SAC,4,1627741,Buddy Hield,1610612758.0,Sacramento,Kings,SAC,0,0,,,,,,0
278,0021600866,325,2,49,3,6:32 PM,5:26,MISS McLemore  Driving Dunk,,,,,4,203463,Ben McLemore,1610612758.0,Sacramento,Kings,SAC,0,0,,,,,,0,0,,,,,,1
279,0021600866,326,4,0,3,6:32 PM,5:25,Koufos REBOUND (Off:4 Def:3),,,,,4,201585,Kosta Koufos,1610612758.0,Sacramento,Kings,SAC,0,0,,,,,,0,0,,,,,,1
280,0021600866,327,1,5,3,6:32 PM,5:24,Koufos 2' Layup (6 PTS),,,67 - 48,-19,4,201585,Kosta Koufos,1610612758.0,Sacramento,Kings,SAC,0,0,,,,,,0,0,,,,,,1
281,0021600866,328,2,1,3,6:33 PM,5:06,,,MISS Kidd-Gilchrist 17' Jump Shot,,,5,203077,Michael Kidd-Gilchrist,1610612766.0,Charlotte,Hornets,CHA,0,0,,,,,,0,0,,,,,,1
282,0021600866,329,4,0,3,6:33 PM,5:06,,,Hornets Rebound,,,3,1610612766,,,,,,0,0,,,,,,0,0,,,,,,0
283,0021600866,330,6,3,3,6:33 PM,5:06,Koufos L.B.FOUL (P2.T3) (M.Boland),,,,,4,201585,Kosta Koufos,1610612758.0,Sacramento,Kings,SAC,5,1626174,Christian Wood,1610612766.0,Charlotte,Hornets,CHA,1,0,,,,,,1
284,0021600866,331,2,5,3,6:33 PM,4:55,,,MISS Kidd-Gilchrist 3' Layup,,,5,203077,Michael Kidd-Gilchrist,1610612766.0,Charlotte,Hornets,CHA,0,0,,,,,,0,0,,,,,,1
285,0021600866,332,4,0,3,6:33 PM,4:54,McLemore REBOUND (Off:0 Def:2),,,,,4,203463,Ben McLemore,1610612758.0,Sacramento,Kings,SAC,0,0,,,,,,0,0,,,,,,1
286,0021600866,333,1,79,3,6:33 PM,4:45,McLemore 18' Pullup Jump Shot (7 PTS),,,67 - 50,-17,4,203463,Ben McLemore,1610612758.0,Sacramento,Kings,SAC,0,0,,,,,,0,0,,,,,,1
287,0021600866,334,2,1,3,6:34 PM,4:18,,,MISS Lamb 6' Jump Shot,,,5,203087,Jeremy Lamb,1610612766.0,Charlotte,Hornets,CHA,0,0,,,,,,0,0,,,,,,1
288,0021600866,335,4,0,3,6:34 PM,4:16,,,Kidd-Gilchrist REBOUND (Off:4 Def:5),,,5,203077,Michael Kidd-Gilchrist,1610612766.0,Charlotte,Hornets,CHA,0,0,,,,,,0,0,,,,,,1
289,0021600866,336,2,1,3,6:34 PM,4:10,,,MISS Lamb 24' 3PT Jump Shot,,,5,203087,Jeremy Lamb,1610612766.0,Charlotte,Hornets,CHA,0,0,,,,,,0,0,,,,,,1
290,0021600866,337,4,0,3,6:34 PM,4:09,,,Kidd-Gilchrist REBOUND (Off:5 Def:5),,,5,203077,Michael Kidd-Gilchrist,1610612766.0,Charlotte,Hornets,CHA,0,0,,,,,,0,0,,,,,,1
291,0021600866,338,2,1,3,6:34 PM,4:07,,,MISS Lamb 26' 3PT Jump Shot,,,5,203087,Jeremy Lamb,1610612766.0,Charlotte,Hornets,CHA,0,0,,,,,,0,0,,,,,,1
292,0021600866,339,4,0,3,6:34 PM,4:07,KINGS Rebound,,,,,2,1610612758,,,,,,0,0,,,,,,0,0,,,,,,0
293,0021600866,341,8,0,3,6:35 PM,4:07,,,SUB: Kaminsky FOR Batum,,,5,201587,Nicolas Batum,1610612766.0,Charlotte,Hornets,CHA,5,1626163,Frank Kaminsky,1610612766.0,Charlotte,Hornets,CHA,0,0,,,,,,0
294,0021600866,342,8,0,3,6:35 PM,4:07,,,SUB: Belinelli FOR Wood,,,5,1626174,Christian Wood,1610612766.0,Charlotte,Hornets,CHA,5,201158,Marco Belinelli,1610612766.0,Charlotte,Hornets,CHA,0,0,,,,,,0
295,0021600866,343,2,1,3,6:35 PM,3:50,MISS McLemore 20' Jump Shot,,,,,4,203463,Ben McLemore,1610612758.0,Sacramento,Kings,SAC,0,0,,,,,,0,0,,,,,,1
296,0021600866,344,4,0,3,6:35 PM,3:49,,,Kidd-Gilchrist REBOUND (Off:5 Def:6),,,5,203077,Michael Kidd-Gilchrist,1610612766.0,Charlotte,Hornets,CHA,0,0,,,,,,0,0,,,,,,1
297,0021600866,345,6,1,3,6:35 PM,3:40,Collison P.FOUL (P2.T4) (S.Foster),,,,,4,201954,Darren Collison,1610612758.0,Sacramento,Kings,SAC,5,202689,Kemba Walker,1610612766.0,Charlotte,Hornets,CHA,1,0,,,,,,1
298,0021600866,346,8,0,3,6:35 PM,3:40,SUB: Lawson FOR Koufos,,,,,4,201585,Kosta Koufos,1610612758.0,Sacramento,Kings,SAC,4,201951,Ty Lawson,1610612758.0,Sacramento,Kings,SAC,0,0,,,,,,0
299,0021600866,347,2,42,3,6:35 PM,3:30,,,MISS Kaminsky 5' Driving Layup,,,5,1626163,Frank Kaminsky,1610612766.0,Charlotte,Hornets,CHA,0,0,,,,,,0,0,,,,,,1
300,0021600866,348,4,0,3,6:35 PM,3:30,,,Kidd-Gilchrist REBOUND (Off:6 Def:6),,,5,203077,Michael Kidd-Gilchrist,1610612766.0,Charlotte,Hornets,CHA,0,0,,,,,,0,0,,,,,,1
301,0021600866,349,6,2,3,6:36 PM,3:30,Lawson S.FOUL (P3.PN) (J.VanDuyne),,,,,4,201951,Ty Lawson,1610612758.0,Sacramento,Kings,SAC,5,203077,Michael Kidd-Gilchrist,1610612766.0,Charlotte,Hornets,CHA,1,0,,,,,,1
302,0021600866,350,3,11,3,6:36 PM,3:30,,,Kidd-Gilchrist Free Throw 1 of 2 (3 PTS),68 - 50,-18,5,203077,Michael Kidd-Gilchrist,1610612766.0,Charlotte,Hornets,CHA,0,0,,,,,,0,0,,,,,,0
303,0021600866,353,3,12,3,6:36 PM,3:30,,,Kidd-Gilchrist Free Throw 2 of 2 (4 PTS),69 - 50,-19,5,203077,Michael Kidd-Gilchrist,1610612766.0,Charlotte,Hornets,CHA,0,0,,,,,,0,0,,,,,,0
304,0021600866,355,2,3,3,6:37 PM,3:15,MISS Cauley-Stein 9' Hook Shot,,,,,4,1626161,Willie Cauley-Stein,1610612758.0,Sacramento,Kings,SAC,0,0,,,,,,0,0,,,,,,1
305,0021600866,356,4,0,3,6:37 PM,3:14,,,Lamb REBOUND (Off:0 Def:2),,,5,203087,Jeremy Lamb,1610612766.0,Charlotte,Hornets,CHA,0,0,,,,,,0,0,,,,,,1
306,0021600866,357,1,57,3,6:37 PM,2:56,,,Kidd-Gilchrist 7' Driving Hook Shot (6 PTS) (Walker 4 AST),71 - 50,-21,5,203077,Michael Kidd-Gilchrist,1610612766.0,Charlotte,Hornets,CHA,5,202689,Kemba Walker,1610612766.0,Charlotte,Hornets,CHA,0,0,,,,,,1
307,0021600866,358,1,79,3,6:37 PM,2:46,Collison 19' Pullup Jump Shot (5 PTS),,,71 - 52,-19,4,201954,Darren Collison,1610612758.0,Sacramento,Kings,SAC,0,0,,,,,,0,0,,,,,,1
308,0021600866,359,1,1,3,6:37 PM,2:21,,,Kaminsky 27' 3PT Jump Shot (20 PTS) (Belinelli 4 AST),74 - 52,-22,5,1626163,Frank Kaminsky,1610612766.0,Charlotte,Hornets,CHA,5,201158,Marco Belinelli,1610612766.0,Charlotte,Hornets,CHA,0,0,,,,,,1
309,0021600866,360,1,1,3,6:38 PM,2:06,McLemore 25' 3PT Jump Shot (10 PTS) (Collison 4 AST),,,74 - 55,-19,4,203463,Ben McLemore,1610612758.0,Sacramento,Kings,SAC,4,201954,Darren Collison,1610612758.0,Sacramento,Kings,SAC,0,0,,,,,,1
310,0021600866,361,1,79,3,6:38 PM,1:50,,,Belinelli 19' Pullup Jump Shot (10 PTS) (Walker 5 AST),76 - 55,-21,5,201158,Marco Belinelli,1610612766.0,Charlotte,Hornets,CHA,5,202689,Kemba Walker,1610612766.0,Charlotte,Hornets,CHA,0,0,,,,,,1
311,0021600866,362,9,2,3,6:38 PM,1:48,KINGS Timeout: Short (Full 3 Short 1),,,,,2,1610612758,,,,,,0,0,,,,,,0,0,,,,,,0
312,0021600866,364,9,1,3,6:38 PM,1:48,,,Hornets Timeout: Regular (Reg.3 Short 0),,,3,1610612766,,,,,,0,0,,,,,,0,0,,,,,,0
313,0021600866,366,8,0,3,6:41 PM,1:48,,,SUB: Roberts FOR Kidd-Gilchrist,,,5,203077,Michael Kidd-Gilchrist,1610612766.0,Charlotte,Hornets,CHA,5,203148,Brian Roberts,1610612766.0,Charlotte,Hornets,CHA,0,0,,,,,,0
314,0021600866,367,8,0,3,6:41 PM,1:48,,,SUB: Williams FOR Walker,,,5,202689,Kemba Walker,1610612766.0,Charlotte,Hornets,CHA,5,101107,Marvin Williams,1610612766.0,Charlotte,Hornets,CHA,0,0,,,,,,0
315,0021600866,368,8,0,3,6:41 PM,1:48,SUB: Labissiere FOR McLemore,,,,,4,203463,Ben McLemore,1610612758.0,Sacramento,Kings,SAC,4,1627746,Skal Labissiere,1610612758.0,Sacramento,Kings,SAC,0,0,,,,,,0
316,0021600866,369,2,1,3,6:41 PM,1:31,MISS Hield 20' Jump Shot,,,,,4,1627741,Buddy Hield,1610612758.0,Sacramento,Kings,SAC,0,0,,,,,,0,0,,,,,,1
317,0021600866,370,4,0,3,6:41 PM,1:31,,,Williams REBOUND (Off:1 Def:5),,,5,101107,Marvin Williams,1610612766.0,Charlotte,Hornets,CHA,0,0,,,,,,0,0,,,,,,1
318,0021600866,371,2,1,3,6:42 PM,1:11,,,MISS Kaminsky 18' Jump Shot,,,5,1626163,Frank Kaminsky,1610612766.0,Charlotte,Hornets,CHA,0,0,,,,,,0,0,,,,,,1
319,0021600866,372,4,0,3,6:42 PM,1:11,Collison REBOUND (Off:0 Def:2),,,,,4,201954,Darren Collison,1610612758.0,Sacramento,Kings,SAC,0,0,,,,,,0,0,,,,,,1
320,0021600866,373,1,1,3,6:42 PM,0:58,Collison 26' 3PT Jump Shot (8 PTS) (Hield 1 AST),,,76 - 58,-18,4,201954,Darren Collison,1610612758.0,Sacramento,Kings,SAC,4,1627741,Buddy Hield,1610612758.0,Sacramento,Kings,SAC,0,0,,,,,,1
321,0021600866,374,2,1,3,6:42 PM,0:38,,,MISS Williams 25' 3PT Jump Shot,,,5,101107,Marvin Williams,1610612766.0,Charlotte,Hornets,CHA,0,0,,,,,,0,0,,,,,,1
322,0021600866,375,4,0,3,6:42 PM,0:37,,,Kaminsky REBOUND (Off:2 Def:8),,,5,1626163,Frank Kaminsky,1610612766.0,Charlotte,Hornets,CHA,0,0,,,,,,0,0,,,,,,1
323,0021600866,376,1,1,3,6:42 PM,0:22,,,Kaminsky 24' 3PT Jump Shot (23 PTS) (Belinelli 5 AST),79 - 58,-21,5,1626163,Frank Kaminsky,1610612766.0,Charlotte,Hornets,CHA,5,201158,Marco Belinelli,1610612766.0,Charlotte,Hornets,CHA,0,0,,,,,,1
324,0021600866,377,2,1,3,6:43 PM,0:00,MISS Hield 25' 3PT Jump Shot,,,,,4,1627741,Buddy Hield,1610612758.0,Sacramento,Kings,SAC,0,0,,,,,,0,0,,,,,,1
325,0021600866,378,4,0,3,6:43 PM,0:00,Lawson REBOUND (Off:2 Def:2),,,,,4,201951,Ty Lawson,1610612758.0,Sacramento,Kings,SAC,0,0,,,,,,0,0,,,,,,1
326,0021600866,379,13,0,3,6:43 PM,0:00,,End of 3rd Period (6:43 PM EST),,79 - 58,-21,0,0,,,,,,0,0,,,,,,0,0,,,,,,0
327,0021600866,381,12,0,4,6:46 PM,12:00,,Start of 4th Period (6:46 PM EST),,79 - 58,-21,0,0,,,,,,0,0,,,,,,0,0,,,,,,0
328,0021600866,382,2,1,4,6:46 PM,11:36,MISS Lawson 25' 3PT Jump Shot,,,,,4,201951,Ty Lawson,1610612758.0,Sacramento,Kings,SAC,0,0,,,,,,0,0,,,,,,1
329,0021600866,383,4,0,4,6:46 PM,11:35,,,Belinelli REBOUND (Off:0 Def:2),,,5,201158,Marco Belinelli,1610612766.0,Charlotte,Hornets,CHA,0,0,,,,,,0,0,,,,,,1
330,0021600866,384,2,79,4,6:46 PM,11:21,,,MISS Belinelli 14' Pullup Jump Shot,,,5,201158,Marco Belinelli,1610612766.0,Charlotte,Hornets,CHA,0,0,,,,,,0,0,,,,,,1
331,0021600866,385,4,0,4,6:46 PM,11:20,Labissiere REBOUND (Off:2 Def:4),,,,,4,1627746,Skal Labissiere,1610612758.0,Sacramento,Kings,SAC,0,0,,,,,,0,0,,,,,,1
332,0021600866,386,2,3,4,6:47 PM,11:10,MISS Labissiere 7' Hook Shot,,,,,4,1627746,Skal Labissiere,1610612758.0,Sacramento,Kings,SAC,0,0,,,,,,0,0,,,,,,1
333,0021600866,387,4,0,4,6:47 PM,11:10,,,Lamb REBOUND (Off:0 Def:3),,,5,203087,Jeremy Lamb,1610612766.0,Charlotte,Hornets,CHA,0,0,,,,,,0,0,,,,,,1
334,0021600866,388,2,1,4,6:47 PM,10:50,,,MISS Williams 25' 3PT Jump Shot,,,5,101107,Marvin Williams,1610612766.0,Charlotte,Hornets,CHA,0,0,,,,,,0,0,,,,,,1
335,0021600866,389,4,0,4,6:47 PM,10:50,Labissiere REBOUND (Off:2 Def:5),,,,,4,1627746,Skal Labissiere,1610612758.0,Sacramento,Kings,SAC,0,0,,,,,,0,0,,,,,,1
336,0021600866,390,6,2,4,6:47 PM,10:35,,,Kaminsky S.FOUL (P3.T1) (M.Boland),,,5,1626163,Frank Kaminsky,1610612766.0,Charlotte,Hornets,CHA,4,1626161,Willie Cauley-Stein,1610612758.0,Sacramento,Kings,SAC,1,0,,,,,,1
337,0021600866,391,3,11,4,6:48 PM,10:35,Cauley-Stein Free Throw 1 of 2 (1 PTS),,,79 - 59,-20,4,1626161,Willie Cauley-Stein,1610612758.0,Sacramento,Kings,SAC,0,0,,,,,,0,0,,,,,,0
338,0021600866,393,3,12,4,6:48 PM,10:35,Cauley-Stein Free Throw 2 of 2 (2 PTS),,,79 - 60,-19,4,1626161,Willie Cauley-Stein,1610612758.0,Sacramento,Kings,SAC,0,0,,,,,,0,0,,,,,,0
339,0021600866,395,1,78,4,6:48 PM,10:16,,,Lamb 6' Floating Jump Shot (7 PTS) (Belinelli 6 AST),81 - 60,-21,5,203087,Jeremy Lamb,1610612766.0,Charlotte,Hornets,CHA,5,201158,Marco Belinelli,1610612766.0,Charlotte,Hornets,CHA,0,0,,,,,,1
340,0021600866,396,2,5,4,6:49 PM,10:01,MISS Lawson 1' Layup,,,,,4,201951,Ty Lawson,1610612758.0,Sacramento,Kings,SAC,0,0,,,,,,0,0,,,,,,1
341,0021600866,397,4,0,4,6:49 PM,10:01,,,Lamb REBOUND (Off:0 Def:4),,,5,203087,Jeremy Lamb,1610612766.0,Charlotte,Hornets,CHA,0,0,,,,,,0,0,,,,,,1
342,0021600866,398,1,79,4,6:49 PM,9:52,,,Roberts 18' Pullup Jump Shot (2 PTS) (Lamb 1 AST),83 - 60,-23,5,203148,Brian Roberts,1610612766.0,Charlotte,Hornets,CHA,5,203087,Jeremy Lamb,1610612766.0,Charlotte,Hornets,CHA,0,0,,,,,,1
343,0021600866,399,1,78,4,6:49 PM,9:35,Hield 8' Floating Jump Shot (4 PTS),,,83 - 62,-21,4,1627741,Buddy Hield,1610612758.0,Sacramento,Kings,SAC,0,0,,,,,,0,0,,,,,,1
344,0021600866,400,2,66,4,6:49 PM,9:15,,,MISS Kaminsky 11' Jump Bank Shot,,,5,1626163,Frank Kaminsky,1610612766.0,Charlotte,Hornets,CHA,0,0,,,,,,0,0,,,,,,1
345,0021600866,401,4,0,4,6:49 PM,9:14,Labissiere REBOUND (Off:2 Def:6),,,,,4,1627746,Skal Labissiere,1610612758.0,Sacramento,Kings,SAC,0,0,,,,,,0,0,,,,,,1
346,0021600866,402,1,79,4,6:50 PM,8:58,Collison 16' Pullup Jump Shot (10 PTS),,,83 - 64,-19,4,201954,Darren Collison,1610612758.0,Sacramento,Kings,SAC,0,0,,,,,,0,0,,,,,,1
347,0021600866,403,1,1,4,6:50 PM,8:41,,,Belinelli 26' 3PT Jump Shot (13 PTS) (Roberts 4 AST),86 - 64,-22,5,201158,Marco Belinelli,1610612766.0,Charlotte,Hornets,CHA,5,203148,Brian Roberts,1610612766.0,Charlotte,Hornets,CHA,0,0,,,,,,1
348,0021600866,404,1,1,4,6:50 PM,8:27,Hield 25' 3PT Jump Shot (7 PTS) (Collison 5 AST),,,86 - 67,-19,4,1627741,Buddy Hield,1610612758.0,Sacramento,Kings,SAC,4,201954,Darren Collison,1610612758.0,Sacramento,Kings,SAC,0,0,,,,,,1
349,0021600866,405,9,1,4,6:50 PM,8:27,,,Hornets Timeout: Regular (Reg.4 Short 0),,,3,1610612766,,,,,,0,0,,,,,,0,0,,,,,,0
350,0021600866,406,8,0,4,6:52 PM,8:27,,,SUB: Batum FOR Kaminsky,,,5,1626163,Frank Kaminsky,1610612766.0,Charlotte,Hornets,CHA,5,201587,Nicolas Batum,1610612766.0,Charlotte,Hornets,CHA,0,0,,,,,,0
351,0021600866,407,8,0,4,6:52 PM,8:27,,,SUB: Wood FOR Lamb,,,5,203087,Jeremy Lamb,1610612766.0,Charlotte,Hornets,CHA,5,1626174,Christian Wood,1610612766.0,Charlotte,Hornets,CHA,0,0,,,,,,0
352,0021600866,408,8,0,4,6:52 PM,8:27,,,SUB: Walker FOR Roberts,,,5,203148,Brian Roberts,1610612766.0,Charlotte,Hornets,CHA,5,202689,Kemba Walker,1610612766.0,Charlotte,Hornets,CHA,0,0,,,,,,0
353,0021600866,409,8,0,4,6:52 PM,8:27,SUB: McLemore FOR Collison,,,,,4,201954,Darren Collison,1610612758.0,Sacramento,Kings,SAC,4,203463,Ben McLemore,1610612758.0,Sacramento,Kings,SAC,0,0,,,,,,0
354,0021600866,410,2,1,4,6:53 PM,8:12,,,MISS Williams 25' 3PT Jump Shot,,,5,101107,Marvin Williams,1610612766.0,Charlotte,Hornets,CHA,0,0,,,,,,0,0,,,,,,1
355,0021600866,411,4,0,4,6:53 PM,8:12,KINGS Rebound,,,,,2,1610612758,,,,,,0,0,,,,,,0,0,,,,,,0
356,0021600866,412,6,3,4,6:53 PM,8:12,,,Wood L.B.FOUL (P3.T2) (M.Boland),,,5,1626174,Christian Wood,1610612766.0,Charlotte,Hornets,CHA,4,1627746,Skal Labissiere,1610612758.0,Sacramento,Kings,SAC,1,0,,,,,,1
357,0021600866,413,5,2,4,6:53 PM,7:54,Labissiere Lost Ball Turnover (P1.T11),,Williams STEAL (1 STL),,,4,1627746,Skal Labissiere,1610612758.0,Sacramento,Kings,SAC,5,101107,Marvin Williams,1610612766.0,Charlotte,Hornets,CHA,0,0,,,,,,1
358,0021600866,414,2,1,4,6:54 PM,7:39,,,MISS Williams 24' 3PT Jump Shot,,,5,101107,Marvin Williams,1610612766.0,Charlotte,Hornets,CHA,0,0,,,,,,0,0,,,,,,1
359,0021600866,415,4,0,4,6:54 PM,7:38,,,Wood REBOUND (Off:3 Def:1),,,5,1626174,Christian Wood,1610612766.0,Charlotte,Hornets,CHA,0,0,,,,,,0,0,,,,,,1
360,0021600866,416,2,47,4,6:54 PM,7:37,Cauley-Stein BLOCK (3 BLK),,MISS Wood 3' Turnaround Jump Shot,,,5,1626174,Christian Wood,1610612766.0,Charlotte,Hornets,CHA,0,0,,,,,,4,1626161,Willie Cauley-Stein,1610612758.0,Sacramento,Kings,SAC,1
361,0021600866,417,4,0,4,6:54 PM,7:37,,,Hornets Rebound,,,3,1610612766,,,,,,0,0,,,,,,0,0,,,,,,0
362,0021600866,418,6,4,4,6:54 PM,7:32,,,Williams OFF.Foul (P2) (J.VanDuyne),,,5,101107,Marvin Williams,1610612766.0,Charlotte,Hornets,CHA,4,201951,Ty Lawson,1610612758.0,Sacramento,Kings,SAC,1,0,,,,,,1
363,0021600866,419,5,5,4,6:54 PM,7:32,,,Williams Foul Turnover (P2.T7),,,5,101107,Marvin Williams,1610612766.0,Charlotte,Hornets,CHA,0,0,,,,,,1,0,,,,,,1
364,0021600866,420,1,42,4,6:55 PM,7:23,Hield 4' Driving Layup (9 PTS),,,86 - 69,-17,4,1627741,Buddy Hield,1610612758.0,Sacramento,Kings,SAC,0,0,,,,,,0,0,,,,,,1
365,0021600866,421,1,1,4,6:55 PM,7:02,,,Williams 25' 3PT Jump Shot (13 PTS) (Batum 2 AST),89 - 69,-20,5,101107,Marvin Williams,1610612766.0,Charlotte,Hornets,CHA,5,201587,Nicolas Batum,1610612766.0,Charlotte,Hornets,CHA,0,0,,,,,,1
366,0021600866,422,2,80,4,6:55 PM,6:47,MISS Hield 19' Step Back Jump Shot,,,,,4,1627741,Buddy Hield,1610612758.0,Sacramento,Kings,SAC,0,0,,,,,,0,0,,,,,,1
367,0021600866,423,4,0,4,6:55 PM,6:47,,,Hornets Rebound,,,3,1610612766,,,,,,0,0,,,,,,0,0,,,,,,0
368,0021600866,424,8,0,4,6:55 PM,6:47,,,SUB: Kaminsky FOR Wood,,,5,1626174,Christian Wood,1610612766.0,Charlotte,Hornets,CHA,5,1626163,Frank Kaminsky,1610612766.0,Charlotte,Hornets,CHA,0,0,,,,,,0
369,0021600866,425,2,1,4,6:56 PM,6:31,,,MISS Belinelli 26' 3PT Jump Shot,,,5,201158,Marco Belinelli,1610612766.0,Charlotte,Hornets,CHA,0,0,,,,,,0,0,,,,,,1
370,0021600866,426,4,0,4,6:56 PM,6:31,Labissiere REBOUND (Off:2 Def:7),,,,,4,1627746,Skal Labissiere,1610612758.0,Sacramento,Kings,SAC,0,0,,,,,,0,0,,,,,,1
371,0021600866,427,5,1,4,6:56 PM,6:17,Hield Bad Pass Turnover (P2.T12),,Williams STEAL (2 STL),,,4,1627741,Buddy Hield,1610612758.0,Sacramento,Kings,SAC,5,101107,Marvin Williams,1610612766.0,Charlotte,Hornets,CHA,0,0,,,,,,1
372,0021600866,428,5,1,4,6:56 PM,6:06,Labissiere STEAL (1 STL),,Walker Bad Pass Turnover (P4.T8),,,5,202689,Kemba Walker,1610612766.0,Charlotte,Hornets,CHA,4,1627746,Skal Labissiere,1610612758.0,Sacramento,Kings,SAC,0,0,,,,,,1
373,0021600866,429,2,1,4,6:56 PM,6:00,MISS Lawson 17' Jump Shot,,,,,4,201951,Ty Lawson,1610612758.0,Sacramento,Kings,SAC,0,0,,,,,,0,0,,,,,,1
374,0021600866,430,4,0,4,6:56 PM,5:59,Labissiere REBOUND (Off:3 Def:7),,,,,4,1627746,Skal Labissiere,1610612758.0,Sacramento,Kings,SAC,0,0,,,,,,0,0,,,,,,1
375,0021600866,431,2,3,4,6:56 PM,5:54,MISS Labissiere 8' Hook Shot,,,,,4,1627746,Skal Labissiere,1610612758.0,Sacramento,Kings,SAC,0,0,,,,,,0,0,,,,,,1
376,0021600866,432,4,0,4,6:56 PM,5:53,,,Kaminsky REBOUND (Off:2 Def:9),,,5,1626163,Frank Kaminsky,1610612766.0,Charlotte,Hornets,CHA,0,0,,,,,,0,0,,,,,,1
377,0021600866,433,1,1,4,6:57 PM,5:34,,,Walker 24' 3PT Jump Shot (10 PTS) (Batum 3 AST),92 - 69,-23,5,202689,Kemba Walker,1610612766.0,Charlotte,Hornets,CHA,5,201587,Nicolas Batum,1610612766.0,Charlotte,Hornets,CHA,0,0,,,,,,1
378,0021600866,434,6,1,4,6:57 PM,5:28,,,Williams P.FOUL (P3.T3) (J.VanDuyne),,,5,101107,Marvin Williams,1610612766.0,Charlotte,Hornets,CHA,4,1626161,Willie Cauley-Stein,1610612758.0,Sacramento,Kings,SAC,1,0,,,,,,1
379,0021600866,435,9,4,4,6:57 PM,5:28,,Timeout: Official,,,,1,0,,,,,,0,0,,,,,,0,0,,,,,,0
380,0021600866,437,8,0,4,6:59 PM,5:28,SUB: Galloway FOR Cauley-Stein,,,,,4,1626161,Willie Cauley-Stein,1610612758.0,Sacramento,Kings,SAC,4,204038,Langston Galloway,1610612758.0,Sacramento,Kings,SAC,0,0,,,,,,0
381,0021600866,438,8,0,4,6:59 PM,5:28,SUB: Papagiannis FOR Lawson,,,,,4,201951,Ty Lawson,1610612758.0,Sacramento,Kings,SAC,4,1627834,Georgios Papagiannis,1610612758.0,Sacramento,Kings,SAC,0,0,,,,,,0
382,0021600866,439,1,3,4,7:00 PM,5:10,Labissiere 5' Hook Shot (8 PTS),,,92 - 71,-21,4,1627746,Skal Labissiere,1610612758.0,Sacramento,Kings,SAC,0,0,,,,,,0,0,,,,,,1
383,0021600866,440,2,79,4,7:00 PM,4:54,,,MISS Batum 20' Pullup Jump Shot,,,5,201587,Nicolas Batum,1610612766.0,Charlotte,Hornets,CHA,0,0,,,,,,0,0,,,,,,1
384,0021600866,441,4,0,4,7:00 PM,4:54,Labissiere REBOUND (Off:3 Def:8),,,,,4,1627746,Skal Labissiere,1610612758.0,Sacramento,Kings,SAC,0,0,,,,,,0,0,,,,,,1
385,0021600866,442,2,1,4,7:00 PM,4:37,MISS Galloway  3PT Jump Shot,,,,,4,204038,Langston Galloway,1610612758.0,Sacramento,Kings,SAC,0,0,,,,,,0,0,,,,,,1
386,0021600866,443,4,0,4,7:00 PM,4:36,,,Batum REBOUND (Off:0 Def:6),,,5,201587,Nicolas Batum,1610612766.0,Charlotte,Hornets,CHA,0,0,,,,,,0,0,,,,,,1
387,0021600866,444,5,45,4,7:01 PM,4:22,,,Batum Out of Bounds - Bad Pass Turnover Turnover (P1.T9),,,5,201587,Nicolas Batum,1610612766.0,Charlotte,Hornets,CHA,0,0,,,,,,0,0,,,,,,1
388,0021600866,445,7,5,4,7:01 PM,4:11,,,Williams Violation:Kicked Ball (J.VanDuyne),,,5,101107,Marvin Williams,1610612766.0,Charlotte,Hornets,CHA,0,0,,,,,,1,0,,,,,,0
389,0021600866,446,6,2,4,7:01 PM,4:06,,,Kaminsky S.FOUL (P4.T4) (J.VanDuyne),,,5,1626163,Frank Kaminsky,1610612766.0,Charlotte,Hornets,CHA,4,1627741,Buddy Hield,1610612758.0,Sacramento,Kings,SAC,1,0,,,,,,1
390,0021600866,447,3,13,4,7:02 PM,4:06,Hield Free Throw 1 of 3 (10 PTS),,,92 - 72,-20,4,1627741,Buddy Hield,1610612758.0,Sacramento,Kings,SAC,0,0,,,,,,0,0,,,,,,0
391,0021600866,449,3,14,4,7:02 PM,4:06,Hield Free Throw 2 of 3 (11 PTS),,,92 - 73,-19,4,1627741,Buddy Hield,1610612758.0,Sacramento,Kings,SAC,0,0,,,,,,0,0,,,,,,0
392,0021600866,451,3,15,4,7:02 PM,4:06,Hield Free Throw 3 of 3 (12 PTS),,,92 - 74,-18,4,1627741,Buddy Hield,1610612758.0,Sacramento,Kings,SAC,0,0,,,,,,0,0,,,,,,0
393,0021600866,453,6,2,4,7:02 PM,3:52,McLemore S.FOUL (P4.T1) (S.Foster),,,,,4,203463,Ben McLemore,1610612758.0,Sacramento,Kings,SAC,5,201587,Nicolas Batum,1610612766.0,Charlotte,Hornets,CHA,1,0,,,,,,1
394,0021600866,454,3,11,4,7:03 PM,3:52,,,Batum Free Throw 1 of 2 (14 PTS),93 - 74,-19,5,201587,Nicolas Batum,1610612766.0,Charlotte,Hornets,CHA,0,0,,,,,,0,0,,,,,,0
395,0021600866,456,3,12,4,7:03 PM,3:52,,,Batum Free Throw 2 of 2 (15 PTS),94 - 74,-20,5,201587,Nicolas Batum,1610612766.0,Charlotte,Hornets,CHA,0,0,,,,,,0,0,,,,,,0
396,0021600866,458,1,79,4,7:03 PM,3:39,McLemore 17' Pullup Jump Shot (12 PTS) (Labissiere 1 AST),,,94 - 76,-18,4,203463,Ben McLemore,1610612758.0,Sacramento,Kings,SAC,4,1627746,Skal Labissiere,1610612758.0,Sacramento,Kings,SAC,0,0,,,,,,1
397,0021600866,459,2,63,4,7:03 PM,3:21,,,MISS Batum 13' Fadeaway Jumper,,,5,201587,Nicolas Batum,1610612766.0,Charlotte,Hornets,CHA,0,0,,,,,,0,0,,,,,,1
398,0021600866,460,4,0,4,7:03 PM,3:20,Labissiere REBOUND (Off:3 Def:9),,,,,4,1627746,Skal Labissiere,1610612758.0,Sacramento,Kings,SAC,0,0,,,,,,0,0,,,,,,1
399,0021600866,461,1,1,4,7:04 PM,3:07,McLemore 25' 3PT Jump Shot (15 PTS) (Hield 2 AST),,,94 - 79,-15,4,203463,Ben McLemore,1610612758.0,Sacramento,Kings,SAC,4,1627741,Buddy Hield,1610612758.0,Sacramento,Kings,SAC,0,0,,,,,,1
400,0021600866,462,5,39,4,7:04 PM,2:53,,,Williams Step Out of Bounds Turnover (P3.T10),,,5,101107,Marvin Williams,1610612766.0,Charlotte,Hornets,CHA,0,0,,,,,,0,0,,,,,,1
401,0021600866,463,9,1,4,7:04 PM,2:53,KINGS Timeout: Regular (Full 4 Short 1),,,,,2,1610612758,,,,,,0,0,,,,,,0,0,,,,,,0
402,0021600866,466,1,78,4,7:07 PM,2:39,McLemore 8' Floating Jump Shot (17 PTS),,,94 - 81,-13,4,203463,Ben McLemore,1610612758.0,Sacramento,Kings,SAC,0,0,,,,,,0,0,,,,,,1
403,0021600866,467,6,2,4,7:07 PM,2:39,,,Walker S.FOUL (P1.PN) (S.Foster),,,5,202689,Kemba Walker,1610612766.0,Charlotte,Hornets,CHA,4,203463,Ben McLemore,1610612758.0,Sacramento,Kings,SAC,1,0,,,,,,1
404,0021600866,468,3,10,4,7:07 PM,2:39,McLemore Free Throw 1 of 1 (18 PTS),,,94 - 82,-12,4,203463,Ben McLemore,1610612758.0,Sacramento,Kings,SAC,0,0,,,,,,0,0,,,,,,0
405,0021600866,470,2,1,4,7:07 PM,2:21,,,MISS Walker 19' Jump Shot,,,5,202689,Kemba Walker,1610612766.0,Charlotte,Hornets,CHA,0,0,,,,,,0,0,,,,,,1
406,0021600866,471,4,0,4,7:08 PM,2:21,Labissiere REBOUND (Off:3 Def:10),,,,,4,1627746,Skal Labissiere,1610612758.0,Sacramento,Kings,SAC,0,0,,,,,,0,0,,,,,,1
407,0021600866,472,5,1,4,7:08 PM,2:11,Hield Bad Pass Turnover (P3.T13),,Belinelli STEAL (1 STL),,,4,1627741,Buddy Hield,1610612758.0,Sacramento,Kings,SAC,5,201158,Marco Belinelli,1610612766.0,Charlotte,Hornets,CHA,0,0,,,,,,1
408,0021600866,473,2,63,4,7:08 PM,1:54,,,MISS Batum 13' Fadeaway Jumper,,,5,201587,Nicolas Batum,1610612766.0,Charlotte,Hornets,CHA,0,0,,,,,,0,0,,,,,,1
409,0021600866,474,4,0,4,7:08 PM,1:53,Galloway REBOUND (Off:0 Def:1),,,,,4,204038,Langston Galloway,1610612758.0,Sacramento,Kings,SAC,0,0,,,,,,0,0,,,,,,1
410,0021600866,475,2,3,4,7:08 PM,1:36,MISS Labissiere 9' Hook Shot,,,,,4,1627746,Skal Labissiere,1610612758.0,Sacramento,Kings,SAC,0,0,,,,,,0,0,,,,,,1
411,0021600866,476,4,0,4,7:08 PM,1:35,,,Kaminsky REBOUND (Off:2 Def:10),,,5,1626163,Frank Kaminsky,1610612766.0,Charlotte,Hornets,CHA,0,0,,,,,,0,0,,,,,,1
412,0021600866,477,1,42,4,7:09 PM,1:22,,,Walker 4' Driving Layup (12 PTS),96 - 82,-14,5,202689,Kemba Walker,1610612766.0,Charlotte,Hornets,CHA,0,0,,,,,,0,0,,,,,,1
413,0021600866,478,2,63,4,7:09 PM,1:12,MISS Galloway 21' Fadeaway Jumper,,,,,4,204038,Langston Galloway,1610612758.0,Sacramento,Kings,SAC,0,0,,,,,,0,0,,,,,,1
414,0021600866,479,4,0,4,7:09 PM,1:11,,,Kaminsky REBOUND (Off:2 Def:11),,,5,1626163,Frank Kaminsky,1610612766.0,Charlotte,Hornets,CHA,0,0,,,,,,0,0,,,,,,1
415,0021600866,480,1,1,4,7:09 PM,0:49,,,Williams  3PT Jump Shot (16 PTS) (Walker 6 AST),99 - 82,-17,5,101107,Marvin Williams,1610612766.0,Charlotte,Hornets,CHA,5,202689,Kemba Walker,1610612766.0,Charlotte,Hornets,CHA,0,0,,,,,,1
416,0021600866,481,5,2,4,7:09 PM,0:35,McLemore Lost Ball Turnover (P1.T14),,Walker STEAL (1 STL),,,4,203463,Ben McLemore,1610612758.0,Sacramento,Kings,SAC,5,202689,Kemba Walker,1610612766.0,Charlotte,Hornets,CHA,0,0,,,,,,1
417,0021600866,482,5,11,4,7:10 PM,0:11,,,Hornets Turnover: Shot Clock (T#11),,,3,1610612766,,,,,,0,0,,,,,,1,0,,,,,,0
418,0021600866,483,1,1,4,7:10 PM,0:08,Hield 26' 3PT Jump Shot (15 PTS) (Galloway 1 AST),,,99 - 85,-14,4,1627741,Buddy Hield,1610612758.0,Sacramento,Kings,SAC,4,204038,Langston Galloway,1610612758.0,Sacramento,Kings,SAC,0,0,,,,,,1
419,0021600866,484,13,0,4,7:10 PM,0:00,,End of 4th Period (7:10 PM EST),,99 - 85,-14,0,0,,,,,,0,0,,,,,,0,0,,,,,,1
