,GAME_ID,EVENTNUM,EVENTMSGTYPE,EVENTMSGACTIONTYPE,PERIOD,WCTIMESTRING,PCTIMESTRING,HOMEDESCRIPTION,NEUTRALDESCRIPTION,VISITORDESCRIPTION,SCORE,SCOREMARGIN,PERSON1TYPE,PLAYER1_ID,PLAYER1_NAME,PLAYER1_TEAM_ID,PLAYER1_TEAM_CITY,PLAYER1_TEAM_NICKNAME,PLAYER1_TEAM_ABBREVIATION,PERSON2TYPE,PLAYER2_ID,PLAYER2_NAME,PLAYER2_TEAM_ID,PLAYER2_TEAM_CITY,PLAYER2_TEAM_NICKNAME,PLAYER2_TEAM_ABBREVIATION,PERSON3TYPE,PLAYER3_ID,PLAYER3_NAME,PLAYER3_TEAM_ID,PLAYER3_TEAM_CITY,PLAYER3_TEAM_NICKNAME,PLAYER3_TEAM_ABBREVIATION,VIDEO_AVAILABLE_FLAG
0,0021600120,0,12,0,1,10:45 PM,12:00,,Start of 1st Period (10:45 PM EST),,,,0,0,,,,,,0,0,,,,,,0,0,,,,,,0
1,0021600120,1,10,0,1,10:45 PM,12:00,Jump Ball Koufos vs. Mozgov: Tip to Deng,,,,,4,201585,Kosta Koufos,1610612758.0,Sacramento,Kings,SAC,5,202389,Timofey Mozgov,1610612747.0,Los Angeles,Lakers,LAL,5,2736,Luol Deng,1610612747.0,Los Angeles,Lakers,LAL,1
2,0021600120,2,1,5,1,10:46 PM,11:33,,,Mozgov 3' Layup (2 PTS) (Young 1 AST),2 - 0,-2,5,202389,Timofey Mozgov,1610612747.0,Los Angeles,Lakers,LAL,5,201156,Nick Young,1610612747.0,Los Angeles,Lakers,LAL,0,0,,,,,,1
3,0021600120,3,2,1,1,10:46 PM,11:09,MISS Cousins 13' Jump Shot,,,,,4,202326,DeMarcus Cousins,1610612758.0,Sacramento,Kings,SAC,0,0,,,,,,0,0,,,,,,1
4,0021600120,4,4,0,1,10:46 PM,11:09,,,Deng REBOUND (Off:0 Def:1),,,5,2736,Luol Deng,1610612747.0,Los Angeles,Lakers,LAL,0,0,,,,,,0,0,,,,,,1
5,0021600120,5,5,2,1,10:46 PM,11:01,Gay STEAL (1 STL),,Randle Lost Ball Turnover (P1.T1),,,5,203944,Julius Randle,1610612747.0,Los Angeles,Lakers,LAL,4,200752,Rudy Gay,1610612758.0,Sacramento,Kings,SAC,0,0,,,,,,1
6,0021600120,6,2,1,1,10:47 PM,10:55,MISS Afflalo 4' Jump Shot,,,,,4,201167,Arron Afflalo,1610612758.0,Sacramento,Kings,SAC,0,0,,,,,,0,0,,,,,,1
7,0021600120,7,4,0,1,10:47 PM,10:53,,,Deng REBOUND (Off:0 Def:2),,,5,2736,Luol Deng,1610612747.0,Los Angeles,Lakers,LAL,0,0,,,,,,0,0,,,,,,1
8,0021600120,8,1,49,1,10:47 PM,10:49,,,Randle  Driving Dunk (2 PTS) (Deng 1 AST),4 - 0,-4,5,203944,Julius Randle,1610612747.0,Los Angeles,Lakers,LAL,5,2736,Luol Deng,1610612747.0,Los Angeles,Lakers,LAL,0,0,,,,,,1
9,0021600120,9,1,78,1,10:47 PM,10:31,Koufos 14' Floating Jump Shot (2 PTS),,,4 - 2,-2,4,201585,Kosta Koufos,1610612758.0,Sacramento,Kings,SAC,0,0,,,,,,0,0,,,,,,1
10,0021600120,10,5,1,1,10:47 PM,10:18,Cousins STEAL (1 STL),,Russell Bad Pass Turnover (P1.T2),,,5,1626156,D'Angelo Russell,1610612747.0,Los Angeles,Lakers,LAL,4,202326,DeMarcus Cousins,1610612758.0,Sacramento,Kings,SAC,0,0,,,,,,1
11,0021600120,11,1,1,1,10:47 PM,10:08,Afflalo  3PT Jump Shot (3 PTS) (Cousins 1 AST),,,4 - 5,1,4,201167,Arron Afflalo,1610612758.0,Sacramento,Kings,SAC,4,202326,DeMarcus Cousins,1610612758.0,Sacramento,Kings,SAC,0,0,,,,,,1
12,0021600120,12,1,47,1,10:48 PM,9:49,,,Mozgov 7' Turnaround Jump Shot (4 PTS),6 - 5,-1,5,202389,Timofey Mozgov,1610612747.0,Los Angeles,Lakers,LAL,0,0,,,,,,0,0,,,,,,1
13,0021600120,13,1,1,1,10:48 PM,9:25,Cousins 21' Jump Shot (2 PTS),,,6 - 7,1,4,202326,DeMarcus Cousins,1610612758.0,Sacramento,Kings,SAC,0,0,,,,,,0,0,,,,,,1
14,0021600120,14,6,4,1,10:48 PM,9:17,,,Randle OFF.Foul (P1) (J.Tiven),,,5,203944,Julius Randle,1610612747.0,Los Angeles,Lakers,LAL,4,201951,Ty Lawson,1610612758.0,Sacramento,Kings,SAC,1,0,,,,,,1
15,0021600120,15,5,5,1,10:48 PM,9:17,,,Randle Foul Turnover (P2.T3),,,5,203944,Julius Randle,1610612747.0,Los Angeles,Lakers,LAL,0,0,,,,,,1,0,,,,,,1
16,0021600120,16,2,1,1,10:49 PM,9:04,MISS Cousins 8' Jump Shot,,,,,4,202326,DeMarcus Cousins,1610612758.0,Sacramento,Kings,SAC,0,0,,,,,,0,0,,,,,,1
17,0021600120,17,4,0,1,10:49 PM,9:03,Koufos REBOUND (Off:1 Def:0),,,,,4,201585,Kosta Koufos,1610612758.0,Sacramento,Kings,SAC,0,0,,,,,,0,0,,,,,,1
18,0021600120,18,1,1,1,10:49 PM,8:57,Cousins 24' 3PT Jump Shot (5 PTS) (Koufos 1 AST),,,6 - 10,4,4,202326,DeMarcus Cousins,1610612758.0,Sacramento,Kings,SAC,4,201585,Kosta Koufos,1610612758.0,Sacramento,Kings,SAC,0,0,,,,,,1
19,0021600120,19,1,1,1,10:49 PM,8:46,,,Young 26' 3PT Jump Shot (3 PTS) (Randle 1 AST),9 - 10,1,5,201156,Nick Young,1610612747.0,Los Angeles,Lakers,LAL,5,203944,Julius Randle,1610612747.0,Los Angeles,Lakers,LAL,0,0,,,,,,1
20,0021600120,20,1,63,1,10:49 PM,8:27,Gay 16' Fadeaway Jumper (2 PTS),,,9 - 12,3,4,200752,Rudy Gay,1610612758.0,Sacramento,Kings,SAC,0,0,,,,,,0,0,,,,,,1
21,0021600120,21,1,78,1,10:50 PM,8:12,,,Deng 8' Floating Jump Shot (2 PTS) (Randle 2 AST),11 - 12,1,5,2736,Luol Deng,1610612747.0,Los Angeles,Lakers,LAL,5,203944,Julius Randle,1610612747.0,Los Angeles,Lakers,LAL,0,0,,,,,,1
22,0021600120,22,1,1,1,10:50 PM,7:57,Cousins 25' 3PT Jump Shot (8 PTS) (Lawson 1 AST),,,11 - 15,4,4,202326,DeMarcus Cousins,1610612758.0,Sacramento,Kings,SAC,4,201951,Ty Lawson,1610612758.0,Sacramento,Kings,SAC,0,0,,,,,,1
23,0021600120,23,2,1,1,10:50 PM,7:43,,,MISS Russell 25' 3PT Jump Shot,,,5,1626156,D'Angelo Russell,1610612747.0,Los Angeles,Lakers,LAL,0,0,,,,,,0,0,,,,,,1
24,0021600120,24,4,0,1,10:50 PM,7:43,Gay REBOUND (Off:0 Def:1),,,,,4,200752,Rudy Gay,1610612758.0,Sacramento,Kings,SAC,0,0,,,,,,0,0,,,,,,1
25,0021600120,25,2,1,1,10:50 PM,7:34,MISS Cousins 26' 3PT Jump Shot,,,,,4,202326,DeMarcus Cousins,1610612758.0,Sacramento,Kings,SAC,0,0,,,,,,0,0,,,,,,1
26,0021600120,26,4,0,1,10:50 PM,7:34,,,Lakers Rebound,,,3,1610612747,,,,,,0,0,,,,,,0,0,,,,,,0
27,0021600120,27,2,1,1,10:51 PM,7:07,,,MISS Randle 26' 3PT Jump Shot,,,5,203944,Julius Randle,1610612747.0,Los Angeles,Lakers,LAL,0,0,,,,,,0,0,,,,,,1
28,0021600120,28,4,0,1,10:51 PM,7:06,Cousins REBOUND (Off:0 Def:1),,,,,4,202326,DeMarcus Cousins,1610612758.0,Sacramento,Kings,SAC,0,0,,,,,,0,0,,,,,,1
29,0021600120,29,6,2,1,10:51 PM,6:56,,,Mozgov S.FOUL (P1.T1) (J.Tiven),,,5,202389,Timofey Mozgov,1610612747.0,Los Angeles,Lakers,LAL,4,202326,DeMarcus Cousins,1610612758.0,Sacramento,Kings,SAC,1,0,,,,,,1
30,0021600120,30,3,11,1,10:51 PM,6:56,Cousins Free Throw 1 of 2 (9 PTS),,,11 - 16,5,4,202326,DeMarcus Cousins,1610612758.0,Sacramento,Kings,SAC,0,0,,,,,,0,0,,,,,,0
31,0021600120,32,3,12,1,10:52 PM,6:56,Cousins Free Throw 2 of 2 (10 PTS),,,11 - 17,6,4,202326,DeMarcus Cousins,1610612758.0,Sacramento,Kings,SAC,0,0,,,,,,0,0,,,,,,0
32,0021600120,35,2,1,1,10:52 PM,6:37,Koufos BLOCK (1 BLK),,MISS Deng 13' Jump Shot,,,5,2736,Luol Deng,1610612747.0,Los Angeles,Lakers,LAL,0,0,,,,,,4,201585,Kosta Koufos,1610612758.0,Sacramento,Kings,SAC,1
33,0021600120,36,4,0,1,10:52 PM,6:36,Gay REBOUND (Off:0 Def:2),,,,,4,200752,Rudy Gay,1610612758.0,Sacramento,Kings,SAC,0,0,,,,,,0,0,,,,,,1
34,0021600120,37,1,79,1,10:52 PM,6:29,Afflalo 6' Pullup Jump Shot (5 PTS) (Gay 1 AST),,,11 - 19,8,4,201167,Arron Afflalo,1610612758.0,Sacramento,Kings,SAC,4,200752,Rudy Gay,1610612758.0,Sacramento,Kings,SAC,0,0,,,,,,1
35,0021600120,38,9,1,1,10:53 PM,6:29,,,Lakers Timeout: Regular (Reg.1 Short 0),,,3,1610612747,,,,,,0,0,,,,,,0,0,,,,,,0
36,0021600120,42,2,1,1,10:56 PM,6:15,,,MISS Young 25' 3PT Jump Shot,,,5,201156,Nick Young,1610612747.0,Los Angeles,Lakers,LAL,0,0,,,,,,0,0,,,,,,1
37,0021600120,43,4,0,1,10:56 PM,6:15,Cousins REBOUND (Off:0 Def:2),,,,,4,202326,DeMarcus Cousins,1610612758.0,Sacramento,Kings,SAC,0,0,,,,,,0,0,,,,,,1
38,0021600120,44,2,1,1,10:56 PM,6:00,MISS Afflalo 16' Jump Shot,,,,,4,201167,Arron Afflalo,1610612758.0,Sacramento,Kings,SAC,0,0,,,,,,0,0,,,,,,1
39,0021600120,46,4,0,1,10:56 PM,5:58,Cousins REBOUND (Off:1 Def:2),,,,,4,202326,DeMarcus Cousins,1610612758.0,Sacramento,Kings,SAC,0,0,,,,,,0,0,,,,,,1
40,0021600120,45,2,97,1,10:56 PM,5:58,MISS Cousins 3' Tip Layup Shot,,,,,4,202326,DeMarcus Cousins,1610612758.0,Sacramento,Kings,SAC,0,0,,,,,,0,0,,,,,,1
41,0021600120,47,4,0,1,10:56 PM,5:57,Cousins REBOUND (Off:2 Def:2),,,,,4,202326,DeMarcus Cousins,1610612758.0,Sacramento,Kings,SAC,0,0,,,,,,0,0,,,,,,1
42,0021600120,48,2,40,1,10:56 PM,5:55,MISS Cousins 3' Layup,,Mozgov BLOCK (1 BLK),,,4,202326,DeMarcus Cousins,1610612758.0,Sacramento,Kings,SAC,0,0,,,,,,5,202389,Timofey Mozgov,1610612747.0,Los Angeles,Lakers,LAL,1
43,0021600120,49,4,0,1,10:56 PM,5:53,,,Deng REBOUND (Off:0 Def:3),,,5,2736,Luol Deng,1610612747.0,Los Angeles,Lakers,LAL,0,0,,,,,,0,0,,,,,,1
44,0021600120,50,2,1,1,10:56 PM,5:44,,,MISS Young 24' 3PT Jump Shot,,,5,201156,Nick Young,1610612747.0,Los Angeles,Lakers,LAL,0,0,,,,,,0,0,,,,,,1
45,0021600120,51,4,0,1,10:56 PM,5:42,Gay REBOUND (Off:0 Def:3),,,,,4,200752,Rudy Gay,1610612758.0,Sacramento,Kings,SAC,0,0,,,,,,0,0,,,,,,1
46,0021600120,52,2,1,1,10:56 PM,5:37,MISS Afflalo 12' Jump Shot,,,,,4,201167,Arron Afflalo,1610612758.0,Sacramento,Kings,SAC,0,0,,,,,,0,0,,,,,,1
47,0021600120,53,4,0,1,10:56 PM,5:36,,,Deng REBOUND (Off:0 Def:4),,,5,2736,Luol Deng,1610612747.0,Los Angeles,Lakers,LAL,0,0,,,,,,0,0,,,,,,1
48,0021600120,54,2,1,1,10:56 PM,5:27,,,MISS Young  3PT Jump Shot,,,5,201156,Nick Young,1610612747.0,Los Angeles,Lakers,LAL,0,0,,,,,,0,0,,,,,,1
49,0021600120,55,4,0,1,10:56 PM,5:25,Afflalo REBOUND (Off:0 Def:1),,,,,4,201167,Arron Afflalo,1610612758.0,Sacramento,Kings,SAC,0,0,,,,,,0,0,,,,,,1
50,0021600120,56,1,80,1,10:57 PM,5:05,Lawson 21' Step Back Jump Shot (2 PTS),,,11 - 21,10,4,201951,Ty Lawson,1610612758.0,Sacramento,Kings,SAC,0,0,,,,,,0,0,,,,,,1
51,0021600120,57,7,5,1,10:57 PM,4:57,Lawson Violation:Kicked Ball (J.Phillips),,,,,4,201951,Ty Lawson,1610612758.0,Sacramento,Kings,SAC,0,0,,,,,,1,0,,,,,,0
52,0021600120,58,8,0,1,10:57 PM,4:57,SUB: Cauley-Stein FOR Cousins,,,,,4,202326,DeMarcus Cousins,1610612758.0,Sacramento,Kings,SAC,4,1626161,Willie Cauley-Stein,1610612758.0,Sacramento,Kings,SAC,0,0,,,,,,0
53,0021600120,59,8,0,1,10:57 PM,4:57,,,SUB: Clarkson FOR Mozgov,,,5,202389,Timofey Mozgov,1610612747.0,Los Angeles,Lakers,LAL,5,203903,Jordan Clarkson,1610612747.0,Los Angeles,Lakers,LAL,0,0,,,,,,0
54,0021600120,60,8,0,1,10:57 PM,4:57,,,SUB: Nance Jr. FOR Young,,,5,201156,Nick Young,1610612747.0,Los Angeles,Lakers,LAL,5,1626204,Larry Nance Jr.,1610612747.0,Los Angeles,Lakers,LAL,0,0,,,,,,0
55,0021600120,61,1,1,1,10:58 PM,4:49,,,Russell 25' 3PT Jump Shot (3 PTS) (Clarkson 1 AST),14 - 21,7,5,1626156,D'Angelo Russell,1610612747.0,Los Angeles,Lakers,LAL,5,203903,Jordan Clarkson,1610612747.0,Los Angeles,Lakers,LAL,0,0,,,,,,1
56,0021600120,62,1,78,1,10:58 PM,4:32,Gay 10' Floating Jump Shot (4 PTS),,,14 - 23,9,4,200752,Rudy Gay,1610612758.0,Sacramento,Kings,SAC,0,0,,,,,,0,0,,,,,,1
57,0021600120,63,2,80,1,10:58 PM,4:11,,,MISS Clarkson 8' Step Back Jump Shot,,,5,203903,Jordan Clarkson,1610612747.0,Los Angeles,Lakers,LAL,0,0,,,,,,0,0,,,,,,1
58,0021600120,64,4,0,1,10:58 PM,4:10,Gay REBOUND (Off:0 Def:4),,,,,4,200752,Rudy Gay,1610612758.0,Sacramento,Kings,SAC,0,0,,,,,,0,0,,,,,,1
59,0021600120,65,6,2,1,10:58 PM,4:07,,,Nance Jr. S.FOUL (P1.T2) (J.Phillips),,,5,1626204,Larry Nance Jr.,1610612747.0,Los Angeles,Lakers,LAL,4,200752,Rudy Gay,1610612758.0,Sacramento,Kings,SAC,1,0,,,,,,1
60,0021600120,66,3,11,1,10:59 PM,4:07,Gay Free Throw 1 of 2 (5 PTS),,,14 - 24,10,4,200752,Rudy Gay,1610612758.0,Sacramento,Kings,SAC,0,0,,,,,,0,0,,,,,,0
61,0021600120,68,8,0,1,10:59 PM,4:07,SUB: Barnes FOR Koufos,,,,,4,201585,Kosta Koufos,1610612758.0,Sacramento,Kings,SAC,4,2440,Matt Barnes,1610612758.0,Sacramento,Kings,SAC,0,0,,,,,,0
62,0021600120,69,8,0,1,10:59 PM,4:07,,,SUB: Ingram FOR Deng,,,5,2736,Luol Deng,1610612747.0,Los Angeles,Lakers,LAL,5,1627742,Brandon Ingram,1610612747.0,Los Angeles,Lakers,LAL,0,0,,,,,,0
63,0021600120,70,8,0,1,10:59 PM,4:07,,,SUB: Williams FOR Randle,,,5,203944,Julius Randle,1610612747.0,Los Angeles,Lakers,LAL,5,101150,Lou Williams,1610612747.0,Los Angeles,Lakers,LAL,0,0,,,,,,0
64,0021600120,71,3,12,1,10:59 PM,4:07,Gay Free Throw 2 of 2 (6 PTS),,,14 - 25,11,4,200752,Rudy Gay,1610612758.0,Sacramento,Kings,SAC,0,0,,,,,,0,0,,,,,,0
65,0021600120,73,6,1,1,11:00 PM,4:01,Barnes P.FOUL (P1.T1) (J.Tiven),,,,,4,2440,Matt Barnes,1610612758.0,Sacramento,Kings,SAC,5,1627742,Brandon Ingram,1610612747.0,Los Angeles,Lakers,LAL,1,0,,,,,,1
66,0021600120,74,5,1,1,11:00 PM,3:49,Cauley-Stein STEAL (1 STL),,Williams Bad Pass Turnover (P1.T4),,,5,101150,Lou Williams,1610612747.0,Los Angeles,Lakers,LAL,4,1626161,Willie Cauley-Stein,1610612758.0,Sacramento,Kings,SAC,0,0,,,,,,1
67,0021600120,75,5,45,1,11:00 PM,3:43,Lawson Out of Bounds - Bad Pass Turnover Turnover (P1.T1),,,,,4,201951,Ty Lawson,1610612758.0,Sacramento,Kings,SAC,0,0,,,,,,0,0,,,,,,1
68,0021600120,76,2,1,1,11:01 PM,3:31,,,MISS Russell 26' 3PT Jump Shot,,,5,1626156,D'Angelo Russell,1610612747.0,Los Angeles,Lakers,LAL,0,0,,,,,,0,0,,,,,,1
69,0021600120,77,4,0,1,11:01 PM,3:30,Gay REBOUND (Off:0 Def:5),,,,,4,200752,Rudy Gay,1610612758.0,Sacramento,Kings,SAC,0,0,,,,,,0,0,,,,,,1
70,0021600120,78,2,1,1,11:01 PM,3:20,MISS Gay 25' 3PT Jump Shot,,,,,4,200752,Rudy Gay,1610612758.0,Sacramento,Kings,SAC,0,0,,,,,,0,0,,,,,,1
71,0021600120,79,4,0,1,11:01 PM,3:19,,,Ingram REBOUND (Off:0 Def:1),,,5,1627742,Brandon Ingram,1610612747.0,Los Angeles,Lakers,LAL,0,0,,,,,,0,0,,,,,,1
72,0021600120,80,2,46,1,11:01 PM,3:13,,,MISS Ingram 6' Running Jump Shot,,,5,1627742,Brandon Ingram,1610612747.0,Los Angeles,Lakers,LAL,0,0,,,,,,0,0,,,,,,1
73,0021600120,82,4,0,1,11:01 PM,3:11,,,Ingram REBOUND (Off:1 Def:1),,,5,1627742,Brandon Ingram,1610612747.0,Los Angeles,Lakers,LAL,0,0,,,,,,0,0,,,,,,1
74,0021600120,81,1,97,1,11:01 PM,3:11,,,Ingram 3' Tip Layup Shot (2 PTS),16 - 25,9,5,1627742,Brandon Ingram,1610612747.0,Los Angeles,Lakers,LAL,0,0,,,,,,0,0,,,,,,1
75,0021600120,83,7,1,1,11:01 PM,3:06,,,Lakers Violation: Delay of game Violation,,,3,1610612747,,,,,,0,0,,,,,,1,0,,,,,,0
76,0021600120,84,9,1,1,11:01 PM,3:06,KINGS Timeout: Regular (Full 1 Short 0),,,,,2,1610612758,,,,,,0,0,,,,,,0,0,,,,,,0
77,0021600120,85,8,0,1,11:04 PM,3:06,,,SUB: Black FOR Russell,,,5,1626156,D'Angelo Russell,1610612747.0,Los Angeles,Lakers,LAL,5,204028,Tarik Black,1610612747.0,Los Angeles,Lakers,LAL,0,0,,,,,,0
78,0021600120,86,8,0,1,11:04 PM,3:06,SUB: Collison FOR Lawson,,,,,4,201951,Ty Lawson,1610612758.0,Sacramento,Kings,SAC,4,201954,Darren Collison,1610612758.0,Sacramento,Kings,SAC,0,0,,,,,,0
79,0021600120,87,2,1,1,11:04 PM,2:57,MISS Gay 7' Jump Shot,,,,,4,200752,Rudy Gay,1610612758.0,Sacramento,Kings,SAC,0,0,,,,,,0,0,,,,,,0
80,0021600120,88,4,0,1,11:04 PM,2:56,,,Ingram REBOUND (Off:1 Def:2),,,5,1627742,Brandon Ingram,1610612747.0,Los Angeles,Lakers,LAL,0,0,,,,,,0,0,,,,,,0
81,0021600120,89,5,39,1,11:05 PM,2:45,,,Ingram Step Out of Bounds Turnover (P1.T5),,,5,1627742,Brandon Ingram,1610612747.0,Los Angeles,Lakers,LAL,0,0,,,,,,0,0,,,,,,1
82,0021600120,90,1,1,1,11:05 PM,2:31,Barnes 26' 3PT Jump Shot (3 PTS) (Collison 1 AST),,,16 - 28,12,4,2440,Matt Barnes,1610612758.0,Sacramento,Kings,SAC,4,201954,Darren Collison,1610612758.0,Sacramento,Kings,SAC,0,0,,,,,,1
83,0021600120,91,6,2,1,11:05 PM,2:11,Cauley-Stein S.FOUL (P1.T2) (J.Orr),,,,,4,1626161,Willie Cauley-Stein,1610612758.0,Sacramento,Kings,SAC,5,1627742,Brandon Ingram,1610612747.0,Los Angeles,Lakers,LAL,1,0,,,,,,1
84,0021600120,92,3,11,1,11:06 PM,2:11,,,MISS Ingram Free Throw 1 of 2,,,5,1627742,Brandon Ingram,1610612747.0,Los Angeles,Lakers,LAL,0,0,,,,,,0,0,,,,,,0
85,0021600120,93,4,1,1,11:06 PM,2:11,,,Lakers Rebound,,,3,1610612747,,,,,,0,0,,,,,,0,0,,,,,,0
86,0021600120,94,8,0,1,11:06 PM,2:11,SUB: Temple FOR Gay,,,,,4,200752,Rudy Gay,1610612758.0,Sacramento,Kings,SAC,4,202066,Garrett Temple,1610612758.0,Sacramento,Kings,SAC,0,0,,,,,,0
87,0021600120,95,8,0,1,11:06 PM,2:11,SUB: Tolliver FOR Afflalo,,,,,4,201167,Arron Afflalo,1610612758.0,Sacramento,Kings,SAC,4,201229,Anthony Tolliver,1610612758.0,Sacramento,Kings,SAC,0,0,,,,,,0
88,0021600120,96,3,12,1,11:06 PM,2:11,,,MISS Ingram Free Throw 2 of 2,,,5,1627742,Brandon Ingram,1610612747.0,Los Angeles,Lakers,LAL,0,0,,,,,,0,0,,,,,,0
89,0021600120,98,4,0,1,11:06 PM,2:09,Cauley-Stein REBOUND (Off:0 Def:1),,,,,4,1626161,Willie Cauley-Stein,1610612758.0,Sacramento,Kings,SAC,0,0,,,,,,0,0,,,,,,0
90,0021600120,99,2,1,1,11:07 PM,1:54,MISS Barnes 24' 3PT Jump Shot,,,,,4,2440,Matt Barnes,1610612758.0,Sacramento,Kings,SAC,0,0,,,,,,0,0,,,,,,1
91,0021600120,100,4,0,1,11:07 PM,1:53,,,Williams REBOUND (Off:0 Def:1),,,5,101150,Lou Williams,1610612747.0,Los Angeles,Lakers,LAL,0,0,,,,,,0,0,,,,,,1
92,0021600120,101,2,5,1,11:07 PM,1:41,Barnes BLOCK (1 BLK),,MISS Black 3' Layup,,,5,204028,Tarik Black,1610612747.0,Los Angeles,Lakers,LAL,0,0,,,,,,4,2440,Matt Barnes,1610612758.0,Sacramento,Kings,SAC,1
93,0021600120,102,4,0,1,11:07 PM,1:39,Cauley-Stein REBOUND (Off:0 Def:2),,,,,4,1626161,Willie Cauley-Stein,1610612758.0,Sacramento,Kings,SAC,0,0,,,,,,0,0,,,,,,1
94,0021600120,103,2,1,1,11:07 PM,1:30,MISS Collison 6' Jump Shot,,,,,4,201954,Darren Collison,1610612758.0,Sacramento,Kings,SAC,0,0,,,,,,0,0,,,,,,1
95,0021600120,104,4,0,1,11:07 PM,1:29,,,Black REBOUND (Off:0 Def:1),,,5,204028,Tarik Black,1610612747.0,Los Angeles,Lakers,LAL,0,0,,,,,,0,0,,,,,,1
96,0021600120,105,2,1,1,11:07 PM,1:12,,,MISS Williams 24' 3PT Jump Shot,,,5,101150,Lou Williams,1610612747.0,Los Angeles,Lakers,LAL,0,0,,,,,,0,0,,,,,,1
97,0021600120,106,4,0,1,11:07 PM,1:11,Collison REBOUND (Off:0 Def:1),,,,,4,201954,Darren Collison,1610612758.0,Sacramento,Kings,SAC,0,0,,,,,,0,0,,,,,,1
98,0021600120,107,1,7,1,11:08 PM,0:56,Cauley-Stein  Dunk (2 PTS) (Barnes 1 AST),,,16 - 30,14,4,1626161,Willie Cauley-Stein,1610612758.0,Sacramento,Kings,SAC,4,2440,Matt Barnes,1610612758.0,Sacramento,Kings,SAC,0,0,,,,,,1
99,0021600120,109,5,2,1,11:08 PM,0:48,Collison STEAL (1 STL),,Clarkson Lost Ball Turnover (P1.T6),,,5,203903,Jordan Clarkson,1610612747.0,Los Angeles,Lakers,LAL,4,201954,Darren Collison,1610612758.0,Sacramento,Kings,SAC,0,0,,,,,,1
100,0021600120,110,5,1,1,11:08 PM,0:44,Barnes Bad Pass Turnover (P1.T2),,Williams STEAL (1 STL),,,4,2440,Matt Barnes,1610612758.0,Sacramento,Kings,SAC,5,101150,Lou Williams,1610612747.0,Los Angeles,Lakers,LAL,0,0,,,,,,1
101,0021600120,111,2,1,1,11:08 PM,0:30,,,MISS Clarkson  3PT Jump Shot,,,5,203903,Jordan Clarkson,1610612747.0,Los Angeles,Lakers,LAL,0,0,,,,,,0,0,,,,,,1
102,0021600120,112,4,0,1,11:08 PM,0:30,Tolliver REBOUND (Off:0 Def:1),,,,,4,201229,Anthony Tolliver,1610612758.0,Sacramento,Kings,SAC,0,0,,,,,,0,0,,,,,,1
103,0021600120,113,6,1,1,11:08 PM,0:13,,,Clarkson P.FOUL (P1.T3) (J.Phillips),,,5,203903,Jordan Clarkson,1610612747.0,Los Angeles,Lakers,LAL,4,201954,Darren Collison,1610612758.0,Sacramento,Kings,SAC,1,0,,,,,,1
104,0021600120,114,8,0,1,11:09 PM,0:13,SUB: Gay FOR Cauley-Stein,,,,,4,1626161,Willie Cauley-Stein,1610612758.0,Sacramento,Kings,SAC,4,200752,Rudy Gay,1610612758.0,Sacramento,Kings,SAC,0,0,,,,,,0
105,0021600120,115,8,0,1,11:09 PM,0:13,,,SUB: Deng FOR Black,,,5,204028,Tarik Black,1610612747.0,Los Angeles,Lakers,LAL,5,2736,Luol Deng,1610612747.0,Los Angeles,Lakers,LAL,0,0,,,,,,0
106,0021600120,116,2,1,1,11:09 PM,0:00,MISS Collison 13' Jump Shot,,,,,4,201954,Darren Collison,1610612758.0,Sacramento,Kings,SAC,0,0,,,,,,0,0,,,,,,1
107,0021600120,118,4,0,1,11:09 PM,0:00,KINGS Rebound,,,,,2,1610612758,,,,,,0,0,,,,,,0,0,,,,,,0
108,0021600120,117,13,0,1,11:09 PM,0:00,,End of 1st Period (11:09 PM EST),,16 - 30,14,0,0,,,,,,0,0,,,,,,0,0,,,,,,0
109,0021600120,120,12,0,2,11:13 PM,12:00,,Start of 2nd Period (11:13 PM EST),,16 - 30,14,0,0,,,,,,0,0,,,,,,0,0,,,,,,0
110,0021600120,121,1,98,2,11:13 PM,11:45,Cauley-Stein 2' Cutting Layup Shot (4 PTS) (Collison 2 AST),,,16 - 32,16,4,1626161,Willie Cauley-Stein,1610612758.0,Sacramento,Kings,SAC,4,201954,Darren Collison,1610612758.0,Sacramento,Kings,SAC,0,0,,,,,,0
111,0021600120,122,6,2,2,11:14 PM,11:25,Temple S.FOUL (P1.T1) (J.Phillips),,,,,4,202066,Garrett Temple,1610612758.0,Sacramento,Kings,SAC,5,101150,Lou Williams,1610612747.0,Los Angeles,Lakers,LAL,1,0,,,,,,1
112,0021600120,123,3,13,2,11:14 PM,11:25,,,MISS Williams Free Throw 1 of 3,,,5,101150,Lou Williams,1610612747.0,Los Angeles,Lakers,LAL,0,0,,,,,,0,0,,,,,,0
113,0021600120,124,4,1,2,11:14 PM,11:25,,,Lakers Rebound,,,3,1610612747,,,,,,0,0,,,,,,0,0,,,,,,0
114,0021600120,125,3,14,2,11:14 PM,11:25,,,Williams Free Throw 2 of 3 (1 PTS),17 - 32,15,5,101150,Lou Williams,1610612747.0,Los Angeles,Lakers,LAL,0,0,,,,,,0,0,,,,,,0
115,0021600120,127,3,15,2,11:14 PM,11:25,,,Williams Free Throw 3 of 3 (2 PTS),18 - 32,14,5,101150,Lou Williams,1610612747.0,Los Angeles,Lakers,LAL,0,0,,,,,,0,0,,,,,,0
116,0021600120,129,2,1,2,11:15 PM,11:09,MISS Collison 20' Jump Shot,,,,,4,201954,Darren Collison,1610612758.0,Sacramento,Kings,SAC,0,0,,,,,,0,0,,,,,,1
117,0021600120,130,4,0,2,11:15 PM,11:08,,,Clarkson REBOUND (Off:0 Def:1),,,5,203903,Jordan Clarkson,1610612747.0,Los Angeles,Lakers,LAL,0,0,,,,,,0,0,,,,,,1
118,0021600120,131,2,1,2,11:15 PM,10:56,,,MISS Williams 23' Jump Shot,,,5,101150,Lou Williams,1610612747.0,Los Angeles,Lakers,LAL,0,0,,,,,,0,0,,,,,,1
119,0021600120,132,4,0,2,11:15 PM,10:56,Collison REBOUND (Off:0 Def:2),,,,,4,201954,Darren Collison,1610612758.0,Sacramento,Kings,SAC,0,0,,,,,,0,0,,,,,,1
120,0021600120,133,2,1,2,11:15 PM,10:48,MISS Tolliver 26' 3PT Jump Shot,,,,,4,201229,Anthony Tolliver,1610612758.0,Sacramento,Kings,SAC,0,0,,,,,,0,0,,,,,,1
121,0021600120,134,4,0,2,11:15 PM,10:48,,,Clarkson REBOUND (Off:0 Def:2),,,5,203903,Jordan Clarkson,1610612747.0,Los Angeles,Lakers,LAL,0,0,,,,,,0,0,,,,,,1
122,0021600120,135,1,5,2,11:15 PM,10:31,,,Black 2' Layup (2 PTS) (Ingram 1 AST),20 - 32,12,5,204028,Tarik Black,1610612747.0,Los Angeles,Lakers,LAL,5,1627742,Brandon Ingram,1610612747.0,Los Angeles,Lakers,LAL,0,0,,,,,,1
123,0021600120,138,2,45,2,11:16 PM,10:21,MISS Cauley-Stein 13' Jump Shot,,,,,4,1626161,Willie Cauley-Stein,1610612758.0,Sacramento,Kings,SAC,0,0,,,,,,0,0,,,,,,1
124,0021600120,136,4,0,2,11:16 PM,10:19,,,Clarkson REBOUND (Off:0 Def:3),,,5,203903,Jordan Clarkson,1610612747.0,Los Angeles,Lakers,LAL,0,0,,,,,,0,0,,,,,,1
125,0021600120,137,1,1,2,11:16 PM,10:06,,,Williams 24' 3PT Jump Shot (5 PTS) (Clarkson 2 AST),23 - 32,9,5,101150,Lou Williams,1610612747.0,Los Angeles,Lakers,LAL,5,203903,Jordan Clarkson,1610612747.0,Los Angeles,Lakers,LAL,0,0,,,,,,1
126,0021600120,139,2,79,2,11:16 PM,9:44,MISS Collison 17' Pullup Jump Shot,,,,,4,201954,Darren Collison,1610612758.0,Sacramento,Kings,SAC,0,0,,,,,,0,0,,,,,,1
127,0021600120,140,4,0,2,11:16 PM,9:43,Tolliver REBOUND (Off:1 Def:1),,,,,4,201229,Anthony Tolliver,1610612758.0,Sacramento,Kings,SAC,0,0,,,,,,0,0,,,,,,1
128,0021600120,142,5,1,2,11:16 PM,9:31,Barnes Bad Pass Turnover (P2.T3),,Clarkson STEAL (1 STL),,,4,2440,Matt Barnes,1610612758.0,Sacramento,Kings,SAC,5,203903,Jordan Clarkson,1610612747.0,Los Angeles,Lakers,LAL,0,0,,,,,,1
129,0021600120,143,5,1,2,11:16 PM,9:25,Barnes STEAL (1 STL),,Williams Bad Pass Turnover (P2.T7),,,5,101150,Lou Williams,1610612747.0,Los Angeles,Lakers,LAL,4,2440,Matt Barnes,1610612758.0,Sacramento,Kings,SAC,0,0,,,,,,1
130,0021600120,144,6,2,2,11:17 PM,9:18,,,Clarkson S.FOUL (P2.T1) (J.Orr),,,5,203903,Jordan Clarkson,1610612747.0,Los Angeles,Lakers,LAL,4,201954,Darren Collison,1610612758.0,Sacramento,Kings,SAC,1,0,,,,,,1
131,0021600120,145,3,11,2,11:17 PM,9:18,Collison Free Throw 1 of 2 (1 PTS),,,23 - 33,10,4,201954,Darren Collison,1610612758.0,Sacramento,Kings,SAC,0,0,,,,,,0,0,,,,,,0
132,0021600120,147,3,12,2,11:17 PM,9:18,Collison Free Throw 2 of 2 (2 PTS),,,23 - 34,11,4,201954,Darren Collison,1610612758.0,Sacramento,Kings,SAC,0,0,,,,,,0,0,,,,,,0
133,0021600120,149,6,1,2,11:18 PM,9:11,Collison P.FOUL (P1.T2) (J.Orr),,,,,4,201954,Darren Collison,1610612758.0,Sacramento,Kings,SAC,5,203903,Jordan Clarkson,1610612747.0,Los Angeles,Lakers,LAL,1,0,,,,,,1
134,0021600120,150,1,1,2,11:18 PM,9:01,,,Williams 24' 3PT Jump Shot (8 PTS) (Clarkson 3 AST),26 - 34,8,5,101150,Lou Williams,1610612747.0,Los Angeles,Lakers,LAL,5,203903,Jordan Clarkson,1610612747.0,Los Angeles,Lakers,LAL,0,0,,,,,,0
135,0021600120,152,9,4,2,11:18 PM,8:51,,Timeout: Official,,,,1,0,,,,,,0,0,,,,,,0,0,,,,,,0
136,0021600120,153,8,0,2,11:21 PM,8:51,SUB: Cousins FOR Cauley-Stein,,,,,4,1626161,Willie Cauley-Stein,1610612758.0,Sacramento,Kings,SAC,4,202326,DeMarcus Cousins,1610612758.0,Sacramento,Kings,SAC,0,0,,,,,,0
137,0021600120,154,8,0,2,11:21 PM,8:51,,,SUB: Deng FOR Black,,,5,204028,Tarik Black,1610612747.0,Los Angeles,Lakers,LAL,5,2736,Luol Deng,1610612747.0,Los Angeles,Lakers,LAL,0,0,,,,,,0
138,0021600120,155,7,5,2,11:21 PM,8:45,,,Nance Jr. Violation:Kicked Ball (J.Phillips),,,5,1626204,Larry Nance Jr.,1610612747.0,Los Angeles,Lakers,LAL,0,0,,,,,,1,0,,,,,,0
139,0021600120,156,2,80,2,11:22 PM,8:33,MISS Temple 19' Step Back Jump Shot,,,,,4,202066,Garrett Temple,1610612758.0,Sacramento,Kings,SAC,0,0,,,,,,0,0,,,,,,1
140,0021600120,157,4,0,2,11:22 PM,8:32,Tolliver REBOUND (Off:2 Def:1),,,,,4,201229,Anthony Tolliver,1610612758.0,Sacramento,Kings,SAC,0,0,,,,,,0,0,,,,,,1
141,0021600120,158,1,71,2,11:22 PM,8:21,Cousins 3' Finger Roll Layup (12 PTS) (Collison 3 AST),,,26 - 36,10,4,202326,DeMarcus Cousins,1610612758.0,Sacramento,Kings,SAC,4,201954,Darren Collison,1610612758.0,Sacramento,Kings,SAC,0,0,,,,,,1
142,0021600120,159,6,2,2,11:22 PM,8:21,,,Nance Jr. S.FOUL (P2.T2) (J.Orr),,,5,1626204,Larry Nance Jr.,1610612747.0,Los Angeles,Lakers,LAL,4,202326,DeMarcus Cousins,1610612758.0,Sacramento,Kings,SAC,1,0,,,,,,1
143,0021600120,160,3,10,2,11:22 PM,8:21,MISS Cousins Free Throw 1 of 1,,,,,4,202326,DeMarcus Cousins,1610612758.0,Sacramento,Kings,SAC,0,0,,,,,,0,0,,,,,,0
144,0021600120,162,4,0,2,11:22 PM,8:20,,,Nance Jr. REBOUND (Off:0 Def:1),,,5,1626204,Larry Nance Jr.,1610612747.0,Los Angeles,Lakers,LAL,0,0,,,,,,0,0,,,,,,1
145,0021600120,163,5,45,2,11:23 PM,8:09,,,Williams Out of Bounds - Bad Pass Turnover Turnover (P3.T8),,,5,101150,Lou Williams,1610612747.0,Los Angeles,Lakers,LAL,0,0,,,,,,0,0,,,,,,1
146,0021600120,164,5,2,2,11:23 PM,7:53,Cousins Lost Ball Turnover (P1.T4),,Williams STEAL (2 STL),,,4,202326,DeMarcus Cousins,1610612758.0,Sacramento,Kings,SAC,5,101150,Lou Williams,1610612747.0,Los Angeles,Lakers,LAL,0,0,,,,,,1
147,0021600120,165,2,5,2,11:23 PM,7:46,,,MISS Deng 2' Layup,,,5,2736,Luol Deng,1610612747.0,Los Angeles,Lakers,LAL,0,0,,,,,,0,0,,,,,,1
148,0021600120,166,4,0,2,11:23 PM,7:44,Temple REBOUND (Off:0 Def:1),,,,,4,202066,Garrett Temple,1610612758.0,Sacramento,Kings,SAC,0,0,,,,,,0,0,,,,,,1
149,0021600120,167,1,5,2,11:23 PM,7:35,Cousins 2' Layup (14 PTS) (Collison 4 AST),,,26 - 38,12,4,202326,DeMarcus Cousins,1610612758.0,Sacramento,Kings,SAC,4,201954,Darren Collison,1610612758.0,Sacramento,Kings,SAC,0,0,,,,,,1
150,0021600120,168,1,47,2,11:24 PM,7:21,,,Clarkson 8' Turnaround Jump Shot (2 PTS),28 - 38,10,5,203903,Jordan Clarkson,1610612747.0,Los Angeles,Lakers,LAL,0,0,,,,,,0,0,,,,,,1
151,0021600120,169,6,1,2,11:24 PM,7:08,,,Ingram P.FOUL (P1.T3) (J.Tiven),,,5,1627742,Brandon Ingram,1610612747.0,Los Angeles,Lakers,LAL,4,202066,Garrett Temple,1610612758.0,Sacramento,Kings,SAC,1,0,,,,,,1
152,0021600120,170,8,0,2,11:24 PM,7:08,,,SUB: Mozgov FOR Nance Jr.,,,5,1626204,Larry Nance Jr.,1610612747.0,Los Angeles,Lakers,LAL,5,202389,Timofey Mozgov,1610612747.0,Los Angeles,Lakers,LAL,0,0,,,,,,0
153,0021600120,171,1,5,2,11:25 PM,6:56,Cousins 3' Layup (16 PTS),,,28 - 40,12,4,202326,DeMarcus Cousins,1610612758.0,Sacramento,Kings,SAC,0,0,,,,,,0,0,,,,,,1
154,0021600120,172,2,1,2,11:25 PM,6:39,,,MISS Deng 24' 3PT Jump Shot,,,5,2736,Luol Deng,1610612747.0,Los Angeles,Lakers,LAL,0,0,,,,,,0,0,,,,,,1
155,0021600120,173,4,0,2,11:25 PM,6:38,Barnes REBOUND (Off:0 Def:1),,,,,4,2440,Matt Barnes,1610612758.0,Sacramento,Kings,SAC,0,0,,,,,,0,0,,,,,,1
156,0021600120,174,1,98,2,11:25 PM,6:34,Collison 2' Cutting Layup Shot (4 PTS) (Temple 1 AST),,,28 - 42,14,4,201954,Darren Collison,1610612758.0,Sacramento,Kings,SAC,4,202066,Garrett Temple,1610612758.0,Sacramento,Kings,SAC,0,0,,,,,,1
157,0021600120,175,9,1,2,11:25 PM,6:34,,,Lakers Timeout: Regular (Reg.2 Short 0),,,3,1610612747,,,,,,0,0,,,,,,0,0,,,,,,0
158,0021600120,177,8,0,2,11:27 PM,6:34,,,SUB: Randle FOR Clarkson,,,5,203903,Jordan Clarkson,1610612747.0,Los Angeles,Lakers,LAL,5,203944,Julius Randle,1610612747.0,Los Angeles,Lakers,LAL,0,0,,,,,,0
159,0021600120,178,8,0,2,11:27 PM,6:34,,,SUB: Russell FOR Ingram,,,5,1627742,Brandon Ingram,1610612747.0,Los Angeles,Lakers,LAL,5,1626156,D'Angelo Russell,1610612747.0,Los Angeles,Lakers,LAL,0,0,,,,,,0
160,0021600120,179,8,0,2,11:27 PM,6:34,,,SUB: Young FOR Williams,,,5,101150,Lou Williams,1610612747.0,Los Angeles,Lakers,LAL,5,201156,Nick Young,1610612747.0,Los Angeles,Lakers,LAL,0,0,,,,,,0
161,0021600120,181,1,5,2,11:28 PM,6:14,,,Randle 3' Layup (4 PTS),30 - 42,12,5,203944,Julius Randle,1610612747.0,Los Angeles,Lakers,LAL,0,0,,,,,,0,0,,,,,,1
162,0021600120,182,2,1,2,11:29 PM,5:51,MISS Cousins 21' Jump Shot,,,,,4,202326,DeMarcus Cousins,1610612758.0,Sacramento,Kings,SAC,0,0,,,,,,0,0,,,,,,1
163,0021600120,183,4,0,2,11:29 PM,5:50,,,Deng REBOUND (Off:0 Def:5),,,5,2736,Luol Deng,1610612747.0,Los Angeles,Lakers,LAL,0,0,,,,,,0,0,,,,,,1
164,0021600120,184,5,2,2,11:29 PM,5:44,Collison STEAL (2 STL),,Russell Lost Ball Turnover (P2.T9),,,5,1626156,D'Angelo Russell,1610612747.0,Los Angeles,Lakers,LAL,4,201954,Darren Collison,1610612758.0,Sacramento,Kings,SAC,0,0,,,,,,1
165,0021600120,185,1,41,2,11:29 PM,5:41,Barnes 2' Running Layup (5 PTS) (Collison 5 AST),,,30 - 44,14,4,2440,Matt Barnes,1610612758.0,Sacramento,Kings,SAC,4,201954,Darren Collison,1610612758.0,Sacramento,Kings,SAC,0,0,,,,,,1
166,0021600120,186,5,1,2,11:29 PM,5:32,Tolliver STEAL (1 STL),,Russell Bad Pass Turnover (P3.T10),,,5,1626156,D'Angelo Russell,1610612747.0,Los Angeles,Lakers,LAL,4,201229,Anthony Tolliver,1610612758.0,Sacramento,Kings,SAC,0,0,,,,,,1
167,0021600120,187,1,5,2,11:29 PM,5:28,Barnes 2' Layup (7 PTS) (Collison 6 AST),,,30 - 46,16,4,2440,Matt Barnes,1610612758.0,Sacramento,Kings,SAC,4,201954,Darren Collison,1610612758.0,Sacramento,Kings,SAC,0,0,,,,,,1
168,0021600120,188,9,2,2,11:29 PM,5:28,,,Lakers Timeout: Short (Reg.2 Short 1),,,3,1610612747,,,,,,0,0,,,,,,0,0,,,,,,0
169,0021600120,189,8,0,2,11:30 PM,5:28,SUB: Afflalo FOR Temple,,,,,4,202066,Garrett Temple,1610612758.0,Sacramento,Kings,SAC,4,201167,Arron Afflalo,1610612758.0,Sacramento,Kings,SAC,0,0,,,,,,0
170,0021600120,190,5,45,2,11:31 PM,5:08,,,Deng Out of Bounds - Bad Pass Turnover Turnover (P1.T11),,,5,2736,Luol Deng,1610612747.0,Los Angeles,Lakers,LAL,0,0,,,,,,0,0,,,,,,1
171,0021600120,191,1,1,2,11:31 PM,4:54,Tolliver 25' 3PT Jump Shot (3 PTS) (Collison 7 AST),,,30 - 49,19,4,201229,Anthony Tolliver,1610612758.0,Sacramento,Kings,SAC,4,201954,Darren Collison,1610612758.0,Sacramento,Kings,SAC,0,0,,,,,,1
172,0021600120,192,1,44,2,11:32 PM,4:29,,,Randle 2' Reverse Layup (6 PTS),32 - 49,17,5,203944,Julius Randle,1610612747.0,Los Angeles,Lakers,LAL,0,0,,,,,,0,0,,,,,,1
173,0021600120,193,6,4,2,11:32 PM,4:19,Cousins OFF.Foul (P1) (J.Orr),,,,,4,202326,DeMarcus Cousins,1610612758.0,Sacramento,Kings,SAC,5,202389,Timofey Mozgov,1610612747.0,Los Angeles,Lakers,LAL,1,0,,,,,,1
174,0021600120,194,5,5,2,11:32 PM,4:19,Cousins Foul Turnover (P2.T5),,,,,4,202326,DeMarcus Cousins,1610612758.0,Sacramento,Kings,SAC,0,0,,,,,,1,0,,,,,,1
175,0021600120,195,8,0,2,11:32 PM,4:19,SUB: Gay FOR Tolliver,,,,,4,201229,Anthony Tolliver,1610612758.0,Sacramento,Kings,SAC,4,200752,Rudy Gay,1610612758.0,Sacramento,Kings,SAC,0,0,,,,,,0
176,0021600120,196,8,0,2,11:32 PM,4:19,SUB: Koufos FOR Barnes,,,,,4,2440,Matt Barnes,1610612758.0,Sacramento,Kings,SAC,4,201585,Kosta Koufos,1610612758.0,Sacramento,Kings,SAC,0,0,,,,,,0
177,0021600120,197,5,39,2,11:32 PM,4:05,,,Russell Step Out of Bounds Turnover (P4.T12),,,5,1626156,D'Angelo Russell,1610612747.0,Los Angeles,Lakers,LAL,0,0,,,,,,0,0,,,,,,1
178,0021600120,198,1,42,2,11:33 PM,3:46,Cousins 4' Driving Layup (18 PTS),,,32 - 51,19,4,202326,DeMarcus Cousins,1610612758.0,Sacramento,Kings,SAC,0,0,,,,,,0,0,,,,,,1
179,0021600120,199,2,46,2,11:33 PM,3:38,,,MISS Randle 9' Running Jump Shot,,,5,203944,Julius Randle,1610612747.0,Los Angeles,Lakers,LAL,0,0,,,,,,0,0,,,,,,1
180,0021600120,201,4,0,2,11:33 PM,3:37,,,Mozgov REBOUND (Off:1 Def:0),,,5,202389,Timofey Mozgov,1610612747.0,Los Angeles,Lakers,LAL,0,0,,,,,,0,0,,,,,,1
181,0021600120,200,1,97,2,11:33 PM,3:37,,,Mozgov 1' Tip Layup Shot (6 PTS),34 - 51,17,5,202389,Timofey Mozgov,1610612747.0,Los Angeles,Lakers,LAL,0,0,,,,,,0,0,,,,,,1
182,0021600120,202,7,5,2,11:33 PM,3:24,,,Mozgov Violation:Kicked Ball (J.Phillips),,,5,202389,Timofey Mozgov,1610612747.0,Los Angeles,Lakers,LAL,0,0,,,,,,1,0,,,,,,0
183,0021600120,203,8,0,2,11:34 PM,3:24,SUB: Lawson FOR Collison,,,,,4,201954,Darren Collison,1610612758.0,Sacramento,Kings,SAC,4,201951,Ty Lawson,1610612758.0,Sacramento,Kings,SAC,0,0,,,,,,0
184,0021600120,204,2,5,2,11:34 PM,3:11,MISS Cousins 3' Layup,,,,,4,202326,DeMarcus Cousins,1610612758.0,Sacramento,Kings,SAC,0,0,,,,,,0,0,,,,,,1
185,0021600120,205,4,0,2,11:34 PM,3:10,,,Randle REBOUND (Off:0 Def:1),,,5,203944,Julius Randle,1610612747.0,Los Angeles,Lakers,LAL,0,0,,,,,,0,0,,,,,,1
186,0021600120,207,6,1,2,11:35 PM,3:01,Koufos P.FOUL (P1.T3) (J.Phillips),,,,,4,201585,Kosta Koufos,1610612758.0,Sacramento,Kings,SAC,5,1626156,D'Angelo Russell,1610612747.0,Los Angeles,Lakers,LAL,1,0,,,,,,1
187,0021600120,208,1,79,2,11:35 PM,2:51,,,Russell 18' Pullup Jump Shot (5 PTS),36 - 51,15,5,1626156,D'Angelo Russell,1610612747.0,Los Angeles,Lakers,LAL,0,0,,,,,,0,0,,,,,,1
188,0021600120,209,1,79,2,11:35 PM,2:36,Gay 17' Pullup Jump Shot (8 PTS),,,36 - 53,17,4,200752,Rudy Gay,1610612758.0,Sacramento,Kings,SAC,0,0,,,,,,0,0,,,,,,1
189,0021600120,210,1,78,2,11:35 PM,2:22,,,Russell 7' Floating Jump Shot (7 PTS),38 - 53,15,5,1626156,D'Angelo Russell,1610612747.0,Los Angeles,Lakers,LAL,0,0,,,,,,0,0,,,,,,1
190,0021600120,211,5,1,2,11:35 PM,2:17,Lawson Bad Pass Turnover (P2.T6),,Deng STEAL (1 STL),,,4,201951,Ty Lawson,1610612758.0,Sacramento,Kings,SAC,5,2736,Luol Deng,1610612747.0,Los Angeles,Lakers,LAL,0,0,,,,,,1
191,0021600120,212,2,3,2,11:36 PM,2:06,,,MISS Mozgov 6' Hook Shot,,,5,202389,Timofey Mozgov,1610612747.0,Los Angeles,Lakers,LAL,0,0,,,,,,0,0,,,,,,1
192,0021600120,213,4,0,2,11:36 PM,2:06,,,Lakers Rebound,,,3,1610612747,,,,,,0,0,,,,,,0,0,,,,,,0
193,0021600120,214,6,1,2,11:36 PM,2:06,Koufos P.FOUL (P2.T4) (J.Tiven),,,,,4,201585,Kosta Koufos,1610612758.0,Sacramento,Kings,SAC,5,203944,Julius Randle,1610612747.0,Los Angeles,Lakers,LAL,1,0,,,,,,1
194,0021600120,215,9,1,2,11:36 PM,2:06,KINGS Timeout: Regular (Full 2 Short 0),,,,,2,1610612758,,,,,,0,0,,,,,,0,0,,,,,,0
195,0021600120,218,1,66,2,11:39 PM,2:01,,,Randle 8' Jump Bank Shot (8 PTS),40 - 53,13,5,203944,Julius Randle,1610612747.0,Los Angeles,Lakers,LAL,0,0,,,,,,0,0,,,,,,1
196,0021600120,220,2,1,2,11:41 PM,1:40,MISS Afflalo 20' Jump Shot,,,,,4,201167,Arron Afflalo,1610612758.0,Sacramento,Kings,SAC,0,0,,,,,,0,0,,,,,,1
197,0021600120,221,4,0,2,11:41 PM,1:39,,,Deng REBOUND (Off:0 Def:6),,,5,2736,Luol Deng,1610612747.0,Los Angeles,Lakers,LAL,0,0,,,,,,0,0,,,,,,1
198,0021600120,222,2,1,2,11:41 PM,1:24,,,MISS Randle 21' Jump Shot,,,5,203944,Julius Randle,1610612747.0,Los Angeles,Lakers,LAL,0,0,,,,,,0,0,,,,,,1
199,0021600120,223,4,0,2,11:42 PM,1:23,Gay REBOUND (Off:0 Def:6),,,,,4,200752,Rudy Gay,1610612758.0,Sacramento,Kings,SAC,0,0,,,,,,0,0,,,,,,1
200,0021600120,224,1,86,2,11:42 PM,1:05,Gay 8' Turnaround Fadeaway (10 PTS),,,40 - 55,15,4,200752,Rudy Gay,1610612758.0,Sacramento,Kings,SAC,0,0,,,,,,0,0,,,,,,1
201,0021600120,225,1,47,2,11:42 PM,0:44,,,Russell 15' Turnaround Jump Shot (9 PTS),42 - 55,13,5,1626156,D'Angelo Russell,1610612747.0,Los Angeles,Lakers,LAL,0,0,,,,,,0,0,,,,,,1
202,0021600120,226,5,40,2,11:42 PM,0:33,Koufos Out of Bounds Lost Ball Turnover (P1.T7),,,,,4,201585,Kosta Koufos,1610612758.0,Sacramento,Kings,SAC,0,0,,,,,,0,0,,,,,,1
203,0021600120,227,2,1,2,11:43 PM,0:28,,,MISS Russell 25' 3PT Jump Shot,,,5,1626156,D'Angelo Russell,1610612747.0,Los Angeles,Lakers,LAL,0,0,,,,,,0,0,,,,,,1
204,0021600120,228,4,0,2,11:43 PM,0:27,Gay REBOUND (Off:0 Def:7),,,,,4,200752,Rudy Gay,1610612758.0,Sacramento,Kings,SAC,0,0,,,,,,0,0,,,,,,1
205,0021600120,229,2,78,2,11:43 PM,0:03,MISS Gay 10' Floating Jump Shot,,,,,4,200752,Rudy Gay,1610612758.0,Sacramento,Kings,SAC,0,0,,,,,,0,0,,,,,,1
206,0021600120,230,4,0,2,11:43 PM,0:02,,,Randle REBOUND (Off:0 Def:2),,,5,203944,Julius Randle,1610612747.0,Los Angeles,Lakers,LAL,0,0,,,,,,0,0,,,,,,1
207,0021600120,231,6,1,2,11:43 PM,0:01,Cousins P.FOUL (P2.PN) (J.Phillips),,,,,4,202326,DeMarcus Cousins,1610612758.0,Sacramento,Kings,SAC,5,203944,Julius Randle,1610612747.0,Los Angeles,Lakers,LAL,1,0,,,,,,1
208,0021600120,238,18,1,2,11:44 PM,0:01,,Overturn Ruling,,,,0,231,,,,,,0,0,,,,,,1,0,,,,,,0
209,0021600120,232,3,13,2,11:44 PM,0:01,,,Randle Free Throw 1 of 3 (9 PTS),43 - 55,12,5,203944,Julius Randle,1610612747.0,Los Angeles,Lakers,LAL,0,0,,,,,,0,0,,,,,,0
210,0021600120,234,3,14,2,11:44 PM,0:01,,,Randle Free Throw 2 of 3 (10 PTS),44 - 55,11,5,203944,Julius Randle,1610612747.0,Los Angeles,Lakers,LAL,0,0,,,,,,0,0,,,,,,0
211,0021600120,236,3,15,2,11:44 PM,0:01,,,Randle Free Throw 3 of 3 (11 PTS),45 - 55,10,5,203944,Julius Randle,1610612747.0,Los Angeles,Lakers,LAL,0,0,,,,,,0,0,,,,,,0
212,0021600120,240,13,0,2,11:46 PM,0:00,,End of 2nd Period (11:46 PM EST),,45 - 55,10,0,0,,,,,,0,0,,,,,,0,0,,,,,,0
213,0021600120,243,12,0,3,12:03 AM,12:00,,Start of 3rd Period (12:03 AM EST),,45 - 55,10,0,0,,,,,,0,0,,,,,,0,0,,,,,,0
214,0021600120,245,6,4,3,12:03 AM,11:40,Lawson OFF.Foul (P1) (J.Tiven),,,,,4,201951,Ty Lawson,1610612758.0,Sacramento,Kings,SAC,5,201156,Nick Young,1610612747.0,Los Angeles,Lakers,LAL,1,0,,,,,,1
215,0021600120,246,5,5,3,12:03 AM,11:40,Lawson Foul Turnover (P3.T8),,,,,4,201951,Ty Lawson,1610612758.0,Sacramento,Kings,SAC,0,0,,,,,,1,0,,,,,,1
216,0021600120,247,5,2,3,12:04 AM,11:28,Lawson STEAL (1 STL),,Russell Lost Ball Turnover (P5.T13),,,5,1626156,D'Angelo Russell,1610612747.0,Los Angeles,Lakers,LAL,4,201951,Ty Lawson,1610612758.0,Sacramento,Kings,SAC,0,0,,,,,,1
217,0021600120,248,6,1,3,12:04 AM,11:28,,,Russell P.FOUL (P1.T1) (J.Orr),,,5,1626156,D'Angelo Russell,1610612747.0,Los Angeles,Lakers,LAL,4,201951,Ty Lawson,1610612758.0,Sacramento,Kings,SAC,1,0,,,,,,1
218,0021600120,249,5,45,3,12:04 AM,11:08,Cousins Out of Bounds - Bad Pass Turnover Turnover (P3.T9),,,,,4,202326,DeMarcus Cousins,1610612758.0,Sacramento,Kings,SAC,0,0,,,,,,0,0,,,,,,1
219,0021600120,250,1,1,3,12:05 AM,10:56,,,Young 25' 3PT Jump Shot (6 PTS) (Mozgov 1 AST),48 - 55,7,5,201156,Nick Young,1610612747.0,Los Angeles,Lakers,LAL,5,202389,Timofey Mozgov,1610612747.0,Los Angeles,Lakers,LAL,0,0,,,,,,1
220,0021600120,251,1,1,3,12:05 AM,10:41,Afflalo 23' Jump Shot (7 PTS),,,48 - 57,9,4,201167,Arron Afflalo,1610612758.0,Sacramento,Kings,SAC,0,0,,,,,,0,0,,,,,,1
221,0021600120,252,1,78,3,12:05 AM,10:28,,,Russell 7' Floating Jump Shot (11 PTS),50 - 57,7,5,1626156,D'Angelo Russell,1610612747.0,Los Angeles,Lakers,LAL,0,0,,,,,,0,0,,,,,,1
222,0021600120,253,6,2,3,12:05 AM,10:28,Lawson S.FOUL (P2.T1) (J.Tiven),,,,,4,201951,Ty Lawson,1610612758.0,Sacramento,Kings,SAC,5,1626156,D'Angelo Russell,1610612747.0,Los Angeles,Lakers,LAL,1,0,,,,,,1
223,0021600120,254,3,10,3,12:06 AM,10:28,,,MISS Russell Free Throw 1 of 1,,,5,1626156,D'Angelo Russell,1610612747.0,Los Angeles,Lakers,LAL,0,0,,,,,,0,0,,,,,,0
224,0021600120,256,4,0,3,12:06 AM,10:26,Koufos REBOUND (Off:1 Def:1),,,,,4,201585,Kosta Koufos,1610612758.0,Sacramento,Kings,SAC,0,0,,,,,,0,0,,,,,,1
225,0021600120,257,2,1,3,12:06 AM,10:15,MISS Cousins 25' 3PT Jump Shot,,,,,4,202326,DeMarcus Cousins,1610612758.0,Sacramento,Kings,SAC,0,0,,,,,,0,0,,,,,,1
226,0021600120,258,4,0,3,12:06 AM,10:15,,,Randle REBOUND (Off:0 Def:3),,,5,203944,Julius Randle,1610612747.0,Los Angeles,Lakers,LAL,0,0,,,,,,0,0,,,,,,1
227,0021600120,259,2,79,3,12:06 AM,10:08,,,MISS Randle 5' Pullup Jump Shot,,,5,203944,Julius Randle,1610612747.0,Los Angeles,Lakers,LAL,0,0,,,,,,0,0,,,,,,1
228,0021600120,260,4,0,3,12:06 AM,10:07,Lawson REBOUND (Off:0 Def:1),,,,,4,201951,Ty Lawson,1610612758.0,Sacramento,Kings,SAC,0,0,,,,,,0,0,,,,,,1
229,0021600120,261,6,1,3,12:06 AM,9:57,,,Russell P.FOUL (P2.T2) (J.Phillips),,,5,1626156,D'Angelo Russell,1610612747.0,Los Angeles,Lakers,LAL,4,201167,Arron Afflalo,1610612758.0,Sacramento,Kings,SAC,1,0,,,,,,1
230,0021600120,262,18,0,3,12:06 AM,9:57,,Support Ruling,,,,0,261,,,,,,0,0,,,,,,1,0,,,,,,0
231,0021600120,263,3,11,3,12:07 AM,9:57,Afflalo Free Throw 1 of 2 (8 PTS),,,50 - 58,8,4,201167,Arron Afflalo,1610612758.0,Sacramento,Kings,SAC,0,0,,,,,,0,0,,,,,,0
232,0021600120,265,3,12,3,12:07 AM,9:57,Afflalo Free Throw 2 of 2 (9 PTS),,,50 - 59,9,4,201167,Arron Afflalo,1610612758.0,Sacramento,Kings,SAC,0,0,,,,,,0,0,,,,,,0
233,0021600120,267,2,1,3,12:08 AM,9:35,,,MISS Russell 16' Jump Shot,,,5,1626156,D'Angelo Russell,1610612747.0,Los Angeles,Lakers,LAL,0,0,,,,,,0,0,,,,,,1
234,0021600120,268,4,0,3,12:08 AM,9:34,Afflalo REBOUND (Off:0 Def:2),,,,,4,201167,Arron Afflalo,1610612758.0,Sacramento,Kings,SAC,0,0,,,,,,0,0,,,,,,1
235,0021600120,269,6,2,3,12:08 AM,9:29,,,Young S.FOUL (P1.T3) (J.Tiven),,,5,201156,Nick Young,1610612747.0,Los Angeles,Lakers,LAL,4,201951,Ty Lawson,1610612758.0,Sacramento,Kings,SAC,1,0,,,,,,1
236,0021600120,270,3,11,3,12:08 AM,9:29,MISS Lawson Free Throw 1 of 2,,,,,4,201951,Ty Lawson,1610612758.0,Sacramento,Kings,SAC,0,0,,,,,,0,0,,,,,,0
237,0021600120,271,4,1,3,12:08 AM,9:29,KINGS Rebound,,,,,2,1610612758,,,,,,0,0,,,,,,0,0,,,,,,0
238,0021600120,274,7,3,3,12:08 AM,9:29,,,Russell Violation:Lane (J.Tiven),,,5,1626156,D'Angelo Russell,1610612747.0,Los Angeles,Lakers,LAL,0,0,,,,,,1,0,,,,,,0
239,0021600120,276,3,12,3,12:09 AM,9:29,Lawson Free Throw 2 of 2 (3 PTS),,,50 - 60,10,4,201951,Ty Lawson,1610612758.0,Sacramento,Kings,SAC,0,0,,,,,,0,0,,,,,,0
240,0021600120,278,1,1,3,12:09 AM,9:17,,,Young 18' Jump Shot (8 PTS) (Randle 3 AST),52 - 60,8,5,201156,Nick Young,1610612747.0,Los Angeles,Lakers,LAL,5,203944,Julius Randle,1610612747.0,Los Angeles,Lakers,LAL,0,0,,,,,,1
241,0021600120,279,2,1,3,12:10 AM,8:59,MISS Lawson 20' Jump Shot,,,,,4,201951,Ty Lawson,1610612758.0,Sacramento,Kings,SAC,0,0,,,,,,0,0,,,,,,1
242,0021600120,280,4,0,3,12:10 AM,8:57,,,Randle REBOUND (Off:0 Def:4),,,5,203944,Julius Randle,1610612747.0,Los Angeles,Lakers,LAL,0,0,,,,,,0,0,,,,,,1
243,0021600120,281,1,1,3,12:10 AM,8:51,,,Young 24' 3PT Jump Shot (11 PTS) (Russell 1 AST),55 - 60,5,5,201156,Nick Young,1610612747.0,Los Angeles,Lakers,LAL,5,1626156,D'Angelo Russell,1610612747.0,Los Angeles,Lakers,LAL,0,0,,,,,,1
244,0021600120,282,9,1,3,12:10 AM,8:51,KINGS Timeout: Regular (Full 3 Short 0),,,,,2,1610612758,,,,,,0,0,,,,,,0,0,,,,,,0
245,0021600120,285,1,57,3,12:13 AM,8:36,Gay 8' Driving Hook Shot (12 PTS),,,55 - 62,7,4,200752,Rudy Gay,1610612758.0,Sacramento,Kings,SAC,0,0,,,,,,0,0,,,,,,1
246,0021600120,286,2,1,3,12:14 AM,8:12,,,MISS Deng  3PT Jump Shot,,,5,2736,Luol Deng,1610612747.0,Los Angeles,Lakers,LAL,0,0,,,,,,0,0,,,,,,1
247,0021600120,287,4,0,3,12:14 AM,8:12,Koufos REBOUND (Off:1 Def:2),,,,,4,201585,Kosta Koufos,1610612758.0,Sacramento,Kings,SAC,0,0,,,,,,0,0,,,,,,1
248,0021600120,288,2,44,3,12:14 AM,8:00,MISS Afflalo 2' Reverse Layup,,,,,4,201167,Arron Afflalo,1610612758.0,Sacramento,Kings,SAC,0,0,,,,,,0,0,,,,,,1
249,0021600120,289,4,0,3,12:14 AM,7:59,,,Randle REBOUND (Off:0 Def:5),,,5,203944,Julius Randle,1610612747.0,Los Angeles,Lakers,LAL,0,0,,,,,,0,0,,,,,,1
250,0021600120,290,1,47,3,12:14 AM,7:46,,,Russell 15' Turnaround Jump Shot (13 PTS),57 - 62,5,5,1626156,D'Angelo Russell,1610612747.0,Los Angeles,Lakers,LAL,0,0,,,,,,0,0,,,,,,1
251,0021600120,291,1,44,3,12:14 AM,7:31,Koufos 3' Reverse Layup (4 PTS) (Cousins 2 AST),,,57 - 64,7,4,201585,Kosta Koufos,1610612758.0,Sacramento,Kings,SAC,4,202326,DeMarcus Cousins,1610612758.0,Sacramento,Kings,SAC,0,0,,,,,,1
252,0021600120,292,2,1,3,12:14 AM,7:17,,,MISS Randle 9' Jump Shot,,,5,203944,Julius Randle,1610612747.0,Los Angeles,Lakers,LAL,0,0,,,,,,0,0,,,,,,1
253,0021600120,293,4,0,3,12:14 AM,7:16,Cousins REBOUND (Off:2 Def:3),,,,,4,202326,DeMarcus Cousins,1610612758.0,Sacramento,Kings,SAC,0,0,,,,,,0,0,,,,,,1
254,0021600120,294,6,1,3,12:15 AM,7:10,,,Young P.FOUL (P2.T4) (J.Tiven),,,5,201156,Nick Young,1610612747.0,Los Angeles,Lakers,LAL,4,200752,Rudy Gay,1610612758.0,Sacramento,Kings,SAC,1,0,,,,,,1
255,0021600120,295,2,79,3,12:15 AM,7:01,MISS Afflalo 14' Pullup Jump Shot,,,,,4,201167,Arron Afflalo,1610612758.0,Sacramento,Kings,SAC,0,0,,,,,,0,0,,,,,,1
256,0021600120,296,4,0,3,12:15 AM,7:01,,,Lakers Rebound,,,3,1610612747,,,,,,0,0,,,,,,0,0,,,,,,0
257,0021600120,297,1,79,3,12:16 AM,6:46,,,Russell 14' Pullup Jump Shot (15 PTS),59 - 64,5,5,1626156,D'Angelo Russell,1610612747.0,Los Angeles,Lakers,LAL,0,0,,,,,,0,0,,,,,,1
258,0021600120,298,1,1,3,12:16 AM,6:23,Lawson  3PT Jump Shot (6 PTS) (Cousins 3 AST),,,59 - 67,8,4,201951,Ty Lawson,1610612758.0,Sacramento,Kings,SAC,4,202326,DeMarcus Cousins,1610612758.0,Sacramento,Kings,SAC,0,0,,,,,,1
259,0021600120,299,6,2,3,12:16 AM,6:12,Lawson S.FOUL (P3.T2) (J.Orr),,,,,4,201951,Ty Lawson,1610612758.0,Sacramento,Kings,SAC,5,1626156,D'Angelo Russell,1610612747.0,Los Angeles,Lakers,LAL,1,0,,,,,,1
260,0021600120,300,3,11,3,12:17 AM,6:12,,,Russell Free Throw 1 of 2 (16 PTS),60 - 67,7,5,1626156,D'Angelo Russell,1610612747.0,Los Angeles,Lakers,LAL,0,0,,,,,,0,0,,,,,,0
261,0021600120,302,8,0,3,12:17 AM,6:12,,,SUB: Ingram FOR Deng,,,5,2736,Luol Deng,1610612747.0,Los Angeles,Lakers,LAL,5,1627742,Brandon Ingram,1610612747.0,Los Angeles,Lakers,LAL,0,0,,,,,,0
262,0021600120,303,3,12,3,12:17 AM,6:12,,,Russell Free Throw 2 of 2 (17 PTS),61 - 67,6,5,1626156,D'Angelo Russell,1610612747.0,Los Angeles,Lakers,LAL,0,0,,,,,,0,0,,,,,,0
263,0021600120,305,5,45,3,12:17 AM,5:52,Gay Out of Bounds - Bad Pass Turnover Turnover (P1.T10),,,,,4,200752,Rudy Gay,1610612758.0,Sacramento,Kings,SAC,0,0,,,,,,0,0,,,,,,1
264,0021600120,306,2,63,3,12:18 AM,5:41,,,MISS Russell 15' Fadeaway Jumper,,,5,1626156,D'Angelo Russell,1610612747.0,Los Angeles,Lakers,LAL,0,0,,,,,,0,0,,,,,,1
265,0021600120,307,4,0,3,12:18 AM,5:41,Gay REBOUND (Off:0 Def:8),,,,,4,200752,Rudy Gay,1610612758.0,Sacramento,Kings,SAC,0,0,,,,,,0,0,,,,,,1
266,0021600120,308,2,40,3,12:18 AM,5:32,MISS Cousins 4' Layup,,Randle BLOCK (1 BLK),,,4,202326,DeMarcus Cousins,1610612758.0,Sacramento,Kings,SAC,0,0,,,,,,5,203944,Julius Randle,1610612747.0,Los Angeles,Lakers,LAL,1
267,0021600120,309,4,0,3,12:18 AM,5:32,KINGS Rebound,,,,,2,1610612758,,,,,,0,0,,,,,,0,0,,,,,,0
268,0021600120,310,8,0,3,12:18 AM,5:32,,,SUB: Nance Jr. FOR Randle,,,5,203944,Julius Randle,1610612747.0,Los Angeles,Lakers,LAL,5,1626204,Larry Nance Jr.,1610612747.0,Los Angeles,Lakers,LAL,0,0,,,,,,0
269,0021600120,311,2,1,3,12:19 AM,5:17,MISS Lawson 24' 3PT Jump Shot,,,,,4,201951,Ty Lawson,1610612758.0,Sacramento,Kings,SAC,0,0,,,,,,0,0,,,,,,1
270,0021600120,312,4,0,3,12:19 AM,5:16,,,Mozgov REBOUND (Off:1 Def:1),,,5,202389,Timofey Mozgov,1610612747.0,Los Angeles,Lakers,LAL,0,0,,,,,,0,0,,,,,,1
271,0021600120,314,5,1,3,12:19 AM,5:11,Lawson STEAL (2 STL),,Mozgov Bad Pass Turnover (P1.T14),,,5,202389,Timofey Mozgov,1610612747.0,Los Angeles,Lakers,LAL,4,201951,Ty Lawson,1610612758.0,Sacramento,Kings,SAC,0,0,,,,,,1
272,0021600120,316,7,2,3,12:19 AM,5:11,,,Mozgov Violation:Defensive Goaltending (J.Tiven),,,5,202389,Timofey Mozgov,1610612747.0,Los Angeles,Lakers,LAL,0,0,,,,,,1,0,,,,,,1
273,0021600120,315,1,5,3,12:19 AM,5:11,Lawson 2' Layup (8 PTS),,,61 - 69,8,4,201951,Ty Lawson,1610612758.0,Sacramento,Kings,SAC,0,0,,,,,,0,0,,,,,,1
274,0021600120,317,2,1,3,12:20 AM,4:53,,,MISS Ingram 25' 3PT Jump Shot,,,5,1627742,Brandon Ingram,1610612747.0,Los Angeles,Lakers,LAL,0,0,,,,,,0,0,,,,,,1
275,0021600120,318,4,0,3,12:20 AM,4:52,Afflalo REBOUND (Off:0 Def:3),,,,,4,201167,Arron Afflalo,1610612758.0,Sacramento,Kings,SAC,0,0,,,,,,0,0,,,,,,1
276,0021600120,319,1,5,3,12:20 AM,4:43,Gay 4' Layup (14 PTS),,,61 - 71,10,4,200752,Rudy Gay,1610612758.0,Sacramento,Kings,SAC,0,0,,,,,,0,0,,,,,,1
277,0021600120,320,9,1,3,12:20 AM,4:43,,,Lakers Timeout: Regular (Reg.3 Short 1),,,3,1610612747,,,,,,0,0,,,,,,0,0,,,,,,0
278,0021600120,322,8,0,3,12:23 AM,4:43,SUB: Barnes FOR Koufos,,,,,4,201585,Kosta Koufos,1610612758.0,Sacramento,Kings,SAC,4,2440,Matt Barnes,1610612758.0,Sacramento,Kings,SAC,0,0,,,,,,0
279,0021600120,323,8,0,3,12:23 AM,4:43,SUB: Collison FOR Lawson,,,,,4,201951,Ty Lawson,1610612758.0,Sacramento,Kings,SAC,4,201954,Darren Collison,1610612758.0,Sacramento,Kings,SAC,0,0,,,,,,0
280,0021600120,324,8,0,3,12:23 AM,4:43,,,SUB: Clarkson FOR Russell,,,5,1626156,D'Angelo Russell,1610612747.0,Los Angeles,Lakers,LAL,5,203903,Jordan Clarkson,1610612747.0,Los Angeles,Lakers,LAL,0,0,,,,,,0
281,0021600120,326,7,2,3,12:23 AM,4:23,Gay Violation:Defensive Goaltending (J.Tiven),,,,,4,200752,Rudy Gay,1610612758.0,Sacramento,Kings,SAC,0,0,,,,,,1,0,,,,,,1
282,0021600120,325,1,3,3,12:23 AM,4:23,,,Mozgov 5' Hook Shot (8 PTS) (Clarkson 4 AST),63 - 71,8,5,202389,Timofey Mozgov,1610612747.0,Los Angeles,Lakers,LAL,5,203903,Jordan Clarkson,1610612747.0,Los Angeles,Lakers,LAL,0,0,,,,,,1
283,0021600120,327,2,1,3,12:24 AM,4:06,MISS Cousins 8' Jump Shot,,,,,4,202326,DeMarcus Cousins,1610612758.0,Sacramento,Kings,SAC,0,0,,,,,,0,0,,,,,,1
284,0021600120,328,4,0,3,12:24 AM,4:05,,,Nance Jr. REBOUND (Off:0 Def:2),,,5,1626204,Larry Nance Jr.,1610612747.0,Los Angeles,Lakers,LAL,0,0,,,,,,0,0,,,,,,1
285,0021600120,329,2,42,3,12:24 AM,3:57,,,MISS Clarkson 3' Driving Layup,,,5,203903,Jordan Clarkson,1610612747.0,Los Angeles,Lakers,LAL,0,0,,,,,,0,0,,,,,,1
286,0021600120,330,4,0,3,12:24 AM,3:56,Cousins REBOUND (Off:2 Def:4),,,,,4,202326,DeMarcus Cousins,1610612758.0,Sacramento,Kings,SAC,0,0,,,,,,0,0,,,,,,1
287,0021600120,331,5,1,3,12:24 AM,3:45,Collison Bad Pass Turnover (P1.T11),,Nance Jr. STEAL (1 STL),,,4,201954,Darren Collison,1610612758.0,Sacramento,Kings,SAC,5,1626204,Larry Nance Jr.,1610612747.0,Los Angeles,Lakers,LAL,0,0,,,,,,1
288,0021600120,332,1,108,3,12:24 AM,3:40,,,Nance Jr.  Cutting Dunk Shot (2 PTS) (Clarkson 5 AST),65 - 71,6,5,1626204,Larry Nance Jr.,1610612747.0,Los Angeles,Lakers,LAL,5,203903,Jordan Clarkson,1610612747.0,Los Angeles,Lakers,LAL,0,0,,,,,,1
289,0021600120,333,2,3,3,12:25 AM,3:21,MISS Cousins 5' Hook Shot,,,,,4,202326,DeMarcus Cousins,1610612758.0,Sacramento,Kings,SAC,0,0,,,,,,0,0,,,,,,1
290,0021600120,334,4,0,3,12:25 AM,3:20,,,Nance Jr. REBOUND (Off:0 Def:3),,,5,1626204,Larry Nance Jr.,1610612747.0,Los Angeles,Lakers,LAL,0,0,,,,,,0,0,,,,,,1
291,0021600120,335,2,1,3,12:25 AM,3:09,,,MISS Ingram 11' Jump Shot,,,5,1627742,Brandon Ingram,1610612747.0,Los Angeles,Lakers,LAL,0,0,,,,,,0,0,,,,,,1
292,0021600120,336,4,0,3,12:25 AM,3:09,Afflalo REBOUND (Off:0 Def:4),,,,,4,201167,Arron Afflalo,1610612758.0,Sacramento,Kings,SAC,0,0,,,,,,0,0,,,,,,1
293,0021600120,337,2,42,3,12:25 AM,3:03,MISS Collison 3' Driving Layup,,,,,4,201954,Darren Collison,1610612758.0,Sacramento,Kings,SAC,0,0,,,,,,0,0,,,,,,1
294,0021600120,338,4,0,3,12:25 AM,3:02,,,Ingram REBOUND (Off:1 Def:3),,,5,1627742,Brandon Ingram,1610612747.0,Los Angeles,Lakers,LAL,0,0,,,,,,0,0,,,,,,1
295,0021600120,339,2,1,3,12:25 AM,2:39,,,MISS Clarkson 26' 3PT Jump Shot,,,5,203903,Jordan Clarkson,1610612747.0,Los Angeles,Lakers,LAL,0,0,,,,,,0,0,,,,,,1
296,0021600120,340,4,0,3,12:25 AM,2:39,Barnes REBOUND (Off:0 Def:2),,,,,4,2440,Matt Barnes,1610612758.0,Sacramento,Kings,SAC,0,0,,,,,,0,0,,,,,,1
297,0021600120,341,2,1,3,12:26 AM,2:17,MISS Barnes 25' 3PT Jump Shot,,,,,4,2440,Matt Barnes,1610612758.0,Sacramento,Kings,SAC,0,0,,,,,,0,0,,,,,,1
298,0021600120,342,4,0,3,12:26 AM,2:16,,,Nance Jr. REBOUND (Off:0 Def:4),,,5,1626204,Larry Nance Jr.,1610612747.0,Los Angeles,Lakers,LAL,0,0,,,,,,0,0,,,,,,1
299,0021600120,343,2,1,3,12:26 AM,2:01,,,MISS Young 25' 3PT Jump Shot,,,5,201156,Nick Young,1610612747.0,Los Angeles,Lakers,LAL,0,0,,,,,,0,0,,,,,,1
300,0021600120,344,4,0,3,12:26 AM,2:00,Afflalo REBOUND (Off:0 Def:5),,,,,4,201167,Arron Afflalo,1610612758.0,Sacramento,Kings,SAC,0,0,,,,,,0,0,,,,,,1
301,0021600120,345,6,4,3,12:26 AM,1:42,Afflalo OFF.Foul (P1) (J.Tiven),,,,,4,201167,Arron Afflalo,1610612758.0,Sacramento,Kings,SAC,5,201156,Nick Young,1610612747.0,Los Angeles,Lakers,LAL,1,0,,,,,,1
302,0021600120,346,5,5,3,12:26 AM,1:42,Afflalo Foul Turnover (P1.T12),,,,,4,201167,Arron Afflalo,1610612758.0,Sacramento,Kings,SAC,0,0,,,,,,1,0,,,,,,1
303,0021600120,347,8,0,3,12:27 AM,1:42,,,SUB: Black FOR Mozgov,,,5,202389,Timofey Mozgov,1610612747.0,Los Angeles,Lakers,LAL,5,204028,Tarik Black,1610612747.0,Los Angeles,Lakers,LAL,0,0,,,,,,0
304,0021600120,349,8,0,3,12:27 AM,1:42,SUB: Cauley-Stein FOR Gay,,,,,4,200752,Rudy Gay,1610612758.0,Sacramento,Kings,SAC,4,1626161,Willie Cauley-Stein,1610612758.0,Sacramento,Kings,SAC,0,0,,,,,,0
305,0021600120,350,8,0,3,12:27 AM,1:42,SUB: Tolliver FOR Cousins,,,,,4,202326,DeMarcus Cousins,1610612758.0,Sacramento,Kings,SAC,4,201229,Anthony Tolliver,1610612758.0,Sacramento,Kings,SAC,0,0,,,,,,0
306,0021600120,351,6,26,3,12:27 AM,1:28,,,Young Offensive Charge Foul (P3.PN) (J.Orr),,,5,201156,Nick Young,1610612747.0,Los Angeles,Lakers,LAL,4,201229,Anthony Tolliver,1610612758.0,Sacramento,Kings,SAC,1,0,,,,,,1
307,0021600120,352,5,5,3,12:27 AM,1:28,,,Young Foul Turnover (P1.T15),,,5,201156,Nick Young,1610612747.0,Los Angeles,Lakers,LAL,0,0,,,,,,1,0,,,,,,1
308,0021600120,353,8,0,3,12:27 AM,1:28,,,SUB: Williams FOR Young,,,5,201156,Nick Young,1610612747.0,Los Angeles,Lakers,LAL,5,101150,Lou Williams,1610612747.0,Los Angeles,Lakers,LAL,0,0,,,,,,0
309,0021600120,354,8,0,3,12:27 AM,1:28,SUB: Temple FOR Afflalo,,,,,4,201167,Arron Afflalo,1610612758.0,Sacramento,Kings,SAC,4,202066,Garrett Temple,1610612758.0,Sacramento,Kings,SAC,0,0,,,,,,0
310,0021600120,355,5,1,3,12:28 AM,1:06,Collison Bad Pass Turnover (P2.T13),,Nance Jr. STEAL (2 STL),,,4,201954,Darren Collison,1610612758.0,Sacramento,Kings,SAC,5,1626204,Larry Nance Jr.,1610612747.0,Los Angeles,Lakers,LAL,0,0,,,,,,1
311,0021600120,356,1,1,3,12:28 AM,0:59,,,Clarkson 24' 3PT Jump Shot (5 PTS) (Black 1 AST),68 - 71,3,5,203903,Jordan Clarkson,1610612747.0,Los Angeles,Lakers,LAL,5,204028,Tarik Black,1610612747.0,Los Angeles,Lakers,LAL,0,0,,,,,,1
312,0021600120,358,2,1,3,12:29 AM,0:44,MISS Temple 20' Jump Shot,,,,,4,202066,Garrett Temple,1610612758.0,Sacramento,Kings,SAC,0,0,,,,,,0,0,,,,,,1
313,0021600120,359,4,0,3,12:29 AM,0:44,,,Ingram REBOUND (Off:1 Def:4),,,5,1627742,Brandon Ingram,1610612747.0,Los Angeles,Lakers,LAL,0,0,,,,,,0,0,,,,,,1
314,0021600120,361,5,2,3,12:29 AM,0:31,Barnes STEAL (2 STL),,Ingram Lost Ball Turnover (P2.T16),,,5,1627742,Brandon Ingram,1610612747.0,Los Angeles,Lakers,LAL,4,2440,Matt Barnes,1610612758.0,Sacramento,Kings,SAC,0,0,,,,,,1
315,0021600120,362,2,42,3,12:29 AM,0:25,MISS Collison 3' Driving Layup,,,,,4,201954,Darren Collison,1610612758.0,Sacramento,Kings,SAC,0,0,,,,,,0,0,,,,,,1
316,0021600120,364,4,0,3,12:29 AM,0:25,Cauley-Stein REBOUND (Off:1 Def:2),,,,,4,1626161,Willie Cauley-Stein,1610612758.0,Sacramento,Kings,SAC,0,0,,,,,,0,0,,,,,,1
317,0021600120,363,1,87,3,12:29 AM,0:25,Cauley-Stein  Putback Dunk (6 PTS),,,68 - 73,5,4,1626161,Willie Cauley-Stein,1610612758.0,Sacramento,Kings,SAC,0,0,,,,,,0,0,,,,,,1
318,0021600120,365,2,1,3,12:29 AM,0:01,,,MISS Nance Jr.  3PT Jump Shot,,,5,1626204,Larry Nance Jr.,1610612747.0,Los Angeles,Lakers,LAL,0,0,,,,,,0,0,,,,,,1
319,0021600120,367,4,0,3,12:30 AM,0:00,,,Black REBOUND (Off:1 Def:1),,,5,204028,Tarik Black,1610612747.0,Los Angeles,Lakers,LAL,0,0,,,,,,0,0,,,,,,1
320,0021600120,366,1,72,3,12:30 AM,0:00,,,Black 1' Putback Layup (4 PTS),70 - 73,3,5,204028,Tarik Black,1610612747.0,Los Angeles,Lakers,LAL,0,0,,,,,,0,0,,,,,,1
321,0021600120,368,18,0,3,12:30 AM,0:00,,Support Ruling,,,,0,366,,,,,,0,0,,,,,,1,0,,,,,,0
322,0021600120,369,13,0,3,12:30 AM,0:00,,End of 3rd Period (12:30 AM EST),,70 - 73,3,0,0,,,,,,0,0,,,,,,0,0,,,,,,0
323,0021600120,371,12,0,4,12:34 AM,12:00,,Start of 4th Period (12:34 AM EST),,70 - 73,3,0,0,,,,,,0,0,,,,,,0,0,,,,,,0
324,0021600120,372,1,5,4,12:34 AM,11:43,,,Black 3' Layup (6 PTS) (Williams 1 AST),72 - 73,1,5,204028,Tarik Black,1610612747.0,Los Angeles,Lakers,LAL,5,101150,Lou Williams,1610612747.0,Los Angeles,Lakers,LAL,0,0,,,,,,0
325,0021600120,373,2,1,4,12:34 AM,11:29,MISS Collison 22' Jump Shot,,,,,4,201954,Darren Collison,1610612758.0,Sacramento,Kings,SAC,0,0,,,,,,0,0,,,,,,1
326,0021600120,374,4,0,4,12:34 AM,11:28,,,Williams REBOUND (Off:0 Def:2),,,5,101150,Lou Williams,1610612747.0,Los Angeles,Lakers,LAL,0,0,,,,,,0,0,,,,,,1
327,0021600120,375,1,78,4,12:34 AM,11:19,,,Williams 11' Floating Jump Shot (10 PTS),74 - 73,-1,5,101150,Lou Williams,1610612747.0,Los Angeles,Lakers,LAL,0,0,,,,,,0,0,,,,,,1
328,0021600120,376,2,5,4,12:35 AM,10:58,MISS Barnes 3' Layup,,,,,4,2440,Matt Barnes,1610612758.0,Sacramento,Kings,SAC,0,0,,,,,,0,0,,,,,,1
329,0021600120,377,4,0,4,12:35 AM,10:57,,,Black REBOUND (Off:1 Def:2),,,5,204028,Tarik Black,1610612747.0,Los Angeles,Lakers,LAL,0,0,,,,,,0,0,,,,,,1
330,0021600120,378,6,2,4,12:35 AM,10:49,Cauley-Stein S.FOUL (P2.T1) (J.Orr),,,,,4,1626161,Willie Cauley-Stein,1610612758.0,Sacramento,Kings,SAC,5,101150,Lou Williams,1610612747.0,Los Angeles,Lakers,LAL,1,0,,,,,,1
331,0021600120,379,3,11,4,12:35 AM,10:49,,,MISS Williams Free Throw 1 of 2,,,5,101150,Lou Williams,1610612747.0,Los Angeles,Lakers,LAL,0,0,,,,,,0,0,,,,,,0
332,0021600120,380,4,1,4,12:35 AM,10:49,,,Lakers Rebound,,,3,1610612747,,,,,,0,0,,,,,,0,0,,,,,,0
333,0021600120,381,3,12,4,12:35 AM,10:49,,,Williams Free Throw 2 of 2 (11 PTS),75 - 73,-2,5,101150,Lou Williams,1610612747.0,Los Angeles,Lakers,LAL,0,0,,,,,,0,0,,,,,,0
334,0021600120,383,2,1,4,12:36 AM,10:38,MISS Collison 16' Jump Shot,,,,,4,201954,Darren Collison,1610612758.0,Sacramento,Kings,SAC,0,0,,,,,,0,0,,,,,,1
335,0021600120,384,4,0,4,12:36 AM,10:37,Cauley-Stein REBOUND (Off:2 Def:2),,,,,4,1626161,Willie Cauley-Stein,1610612758.0,Sacramento,Kings,SAC,0,0,,,,,,0,0,,,,,,1
336,0021600120,385,5,1,4,12:36 AM,10:32,Cauley-Stein Bad Pass Turnover (P1.T14),,Williams STEAL (3 STL),,,4,1626161,Willie Cauley-Stein,1610612758.0,Sacramento,Kings,SAC,5,101150,Lou Williams,1610612747.0,Los Angeles,Lakers,LAL,0,0,,,,,,1
337,0021600120,386,2,1,4,12:36 AM,10:16,,,MISS Williams 25' 3PT Jump Shot,,,5,101150,Lou Williams,1610612747.0,Los Angeles,Lakers,LAL,0,0,,,,,,0,0,,,,,,1
338,0021600120,387,4,0,4,12:36 AM,10:16,Barnes REBOUND (Off:0 Def:3),,,,,4,2440,Matt Barnes,1610612758.0,Sacramento,Kings,SAC,0,0,,,,,,0,0,,,,,,1
339,0021600120,388,2,79,4,12:36 AM,9:56,MISS Collison 18' Pullup Jump Shot,,,,,4,201954,Darren Collison,1610612758.0,Sacramento,Kings,SAC,0,0,,,,,,0,0,,,,,,1
340,0021600120,390,4,0,4,12:36 AM,9:53,Temple REBOUND (Off:1 Def:1),,,,,4,202066,Garrett Temple,1610612758.0,Sacramento,Kings,SAC,0,0,,,,,,0,0,,,,,,1
341,0021600120,389,2,87,4,12:36 AM,9:53,MISS Temple  Putback Dunk,,,,,4,202066,Garrett Temple,1610612758.0,Sacramento,Kings,SAC,0,0,,,,,,0,0,,,,,,1
342,0021600120,391,4,0,4,12:36 AM,9:53,,,Black REBOUND (Off:1 Def:3),,,5,204028,Tarik Black,1610612747.0,Los Angeles,Lakers,LAL,0,0,,,,,,0,0,,,,,,1
343,0021600120,392,6,2,4,12:37 AM,9:45,Tolliver S.FOUL (P1.T2) (J.Phillips),,,,,4,201229,Anthony Tolliver,1610612758.0,Sacramento,Kings,SAC,5,204028,Tarik Black,1610612747.0,Los Angeles,Lakers,LAL,1,0,,,,,,1
344,0021600120,393,3,11,4,12:37 AM,9:45,,,MISS Black Free Throw 1 of 2,,,5,204028,Tarik Black,1610612747.0,Los Angeles,Lakers,LAL,0,0,,,,,,0,0,,,,,,0
345,0021600120,394,4,1,4,12:37 AM,9:45,,,Lakers Rebound,,,3,1610612747,,,,,,0,0,,,,,,0,0,,,,,,0
346,0021600120,395,8,0,4,12:37 AM,9:45,SUB: Cousins FOR Cauley-Stein,,,,,4,1626161,Willie Cauley-Stein,1610612758.0,Sacramento,Kings,SAC,4,202326,DeMarcus Cousins,1610612758.0,Sacramento,Kings,SAC,0,0,,,,,,0
347,0021600120,396,3,12,4,12:37 AM,9:45,,,Black Free Throw 2 of 2 (7 PTS),76 - 73,-3,5,204028,Tarik Black,1610612747.0,Los Angeles,Lakers,LAL,0,0,,,,,,0,0,,,,,,0
348,0021600120,398,2,1,4,12:38 AM,9:25,MISS Tolliver  3PT Jump Shot,,,,,4,201229,Anthony Tolliver,1610612758.0,Sacramento,Kings,SAC,0,0,,,,,,0,0,,,,,,1
349,0021600120,399,4,0,4,12:38 AM,9:23,,,Nance Jr. REBOUND (Off:0 Def:5),,,5,1626204,Larry Nance Jr.,1610612747.0,Los Angeles,Lakers,LAL,0,0,,,,,,0,0,,,,,,1
350,0021600120,400,5,4,4,12:38 AM,9:12,,,Black Traveling Turnover (P1.T17),,,5,204028,Tarik Black,1610612747.0,Los Angeles,Lakers,LAL,0,0,,,,,,1,0,,,,,,1
351,0021600120,401,6,1,4,12:39 AM,9:03,,,Black P.FOUL (P1.T1) (J.Phillips),,,5,204028,Tarik Black,1610612747.0,Los Angeles,Lakers,LAL,4,202326,DeMarcus Cousins,1610612758.0,Sacramento,Kings,SAC,1,0,,,,,,1
352,0021600120,402,6,2,4,12:39 AM,8:55,,,Black S.FOUL (P2.T2) (J.Tiven),,,5,204028,Tarik Black,1610612747.0,Los Angeles,Lakers,LAL,4,202326,DeMarcus Cousins,1610612758.0,Sacramento,Kings,SAC,1,0,,,,,,1
353,0021600120,403,9,4,4,12:39 AM,8:55,,Timeout: Official,,,,1,0,,,,,,0,0,,,,,,0,0,,,,,,0
354,0021600120,406,8,0,4,12:42 AM,8:55,,,SUB: Mozgov FOR Black,,,5,204028,Tarik Black,1610612747.0,Los Angeles,Lakers,LAL,5,202389,Timofey Mozgov,1610612747.0,Los Angeles,Lakers,LAL,0,0,,,,,,0
355,0021600120,407,3,11,4,12:42 AM,8:55,MISS Cousins Free Throw 1 of 2,,,,,4,202326,DeMarcus Cousins,1610612758.0,Sacramento,Kings,SAC,0,0,,,,,,0,0,,,,,,0
356,0021600120,408,4,1,4,12:42 AM,8:55,KINGS Rebound,,,,,2,1610612758,,,,,,0,0,,,,,,0,0,,,,,,0
357,0021600120,410,3,12,4,12:43 AM,8:55,MISS Cousins Free Throw 2 of 2,,,,,4,202326,DeMarcus Cousins,1610612758.0,Sacramento,Kings,SAC,0,0,,,,,,0,0,,,,,,0
358,0021600120,412,4,0,4,12:43 AM,8:54,,,Nance Jr. REBOUND (Off:0 Def:6),,,5,1626204,Larry Nance Jr.,1610612747.0,Los Angeles,Lakers,LAL,0,0,,,,,,0,0,,,,,,1
359,0021600120,413,1,42,4,12:43 AM,8:40,,,Williams 3' Driving Layup (13 PTS),78 - 73,-5,5,101150,Lou Williams,1610612747.0,Los Angeles,Lakers,LAL,0,0,,,,,,0,0,,,,,,1
360,0021600120,414,1,79,4,12:43 AM,8:19,Collison 20' Pullup Jump Shot (6 PTS),,,78 - 75,-3,4,201954,Darren Collison,1610612758.0,Sacramento,Kings,SAC,0,0,,,,,,0,0,,,,,,1
361,0021600120,415,6,1,4,12:43 AM,8:07,Cousins P.FOUL (P3.T3) (J.Orr),,,,,4,202326,DeMarcus Cousins,1610612758.0,Sacramento,Kings,SAC,5,101150,Lou Williams,1610612747.0,Los Angeles,Lakers,LAL,1,0,,,,,,1
362,0021600120,416,5,2,4,12:44 AM,8:01,Temple STEAL (1 STL),,Clarkson Lost Ball Turnover (P2.T18),,,5,203903,Jordan Clarkson,1610612747.0,Los Angeles,Lakers,LAL,4,202066,Garrett Temple,1610612758.0,Sacramento,Kings,SAC,0,0,,,,,,0
363,0021600120,417,6,2,4,12:44 AM,7:56,,,Mozgov S.FOUL (P2.T3) (J.Orr),,,5,202389,Timofey Mozgov,1610612747.0,Los Angeles,Lakers,LAL,4,202066,Garrett Temple,1610612758.0,Sacramento,Kings,SAC,1,0,,,,,,1
364,0021600120,418,3,11,4,12:44 AM,7:56,Temple Free Throw 1 of 2 (1 PTS),,,78 - 76,-2,4,202066,Garrett Temple,1610612758.0,Sacramento,Kings,SAC,0,0,,,,,,0,0,,,,,,0
365,0021600120,420,8,0,4,12:45 AM,7:56,SUB: Gay FOR Tolliver,,,,,4,201229,Anthony Tolliver,1610612758.0,Sacramento,Kings,SAC,4,200752,Rudy Gay,1610612758.0,Sacramento,Kings,SAC,0,0,,,,,,0
366,0021600120,421,3,12,4,12:45 AM,7:56,Temple Free Throw 2 of 2 (2 PTS),,,78 - 77,-1,4,202066,Garrett Temple,1610612758.0,Sacramento,Kings,SAC,0,0,,,,,,0,0,,,,,,0
367,0021600120,423,1,52,4,12:45 AM,7:38,,,Mozgov  Alley Oop Dunk (10 PTS) (Ingram 2 AST),80 - 77,-3,5,202389,Timofey Mozgov,1610612747.0,Los Angeles,Lakers,LAL,5,1627742,Brandon Ingram,1610612747.0,Los Angeles,Lakers,LAL,0,0,,,,,,1
368,0021600120,424,2,79,4,12:46 AM,7:09,MISS Gay 25' 3PT Pullup Jump Shot,,,,,4,200752,Rudy Gay,1610612758.0,Sacramento,Kings,SAC,0,0,,,,,,0,0,,,,,,1
369,0021600120,425,4,0,4,12:46 AM,7:08,,,Ingram REBOUND (Off:1 Def:5),,,5,1627742,Brandon Ingram,1610612747.0,Los Angeles,Lakers,LAL,0,0,,,,,,0,0,,,,,,1
370,0021600120,426,2,78,4,12:46 AM,6:44,,,MISS Williams 15' Floating Jump Shot,,,5,101150,Lou Williams,1610612747.0,Los Angeles,Lakers,LAL,0,0,,,,,,0,0,,,,,,1
371,0021600120,427,4,0,4,12:46 AM,6:43,Cousins REBOUND (Off:2 Def:5),,,,,4,202326,DeMarcus Cousins,1610612758.0,Sacramento,Kings,SAC,0,0,,,,,,0,0,,,,,,1
372,0021600120,428,1,1,4,12:46 AM,6:32,Cousins 25' 3PT Jump Shot (21 PTS) (Collison 8 AST),,,80 - 80,TIE,4,202326,DeMarcus Cousins,1610612758.0,Sacramento,Kings,SAC,4,201954,Darren Collison,1610612758.0,Sacramento,Kings,SAC,0,0,,,,,,1
373,0021600120,429,1,75,4,12:47 AM,6:12,,,Clarkson 3' Driving Finger Roll Layup (7 PTS),82 - 80,-2,5,203903,Jordan Clarkson,1610612747.0,Los Angeles,Lakers,LAL,0,0,,,,,,0,0,,,,,,1
374,0021600120,430,1,75,4,12:47 AM,5:55,Cousins 2' Driving Finger Roll Layup (23 PTS) (Collison 9 AST),,,82 - 82,TIE,4,202326,DeMarcus Cousins,1610612758.0,Sacramento,Kings,SAC,4,201954,Darren Collison,1610612758.0,Sacramento,Kings,SAC,0,0,,,,,,1
375,0021600120,431,5,4,4,12:47 AM,5:34,,,Clarkson Traveling Turnover (P3.T19),,,5,203903,Jordan Clarkson,1610612747.0,Los Angeles,Lakers,LAL,0,0,,,,,,1,0,,,,,,1
376,0021600120,432,9,1,4,12:47 AM,5:34,KINGS Timeout: Regular (Full 4 Short 0),,,,,2,1610612758,,,,,,0,0,,,,,,0,0,,,,,,0
377,0021600120,434,8,0,4,12:50 AM,5:34,,,SUB: Young FOR Clarkson,,,5,203903,Jordan Clarkson,1610612747.0,Los Angeles,Lakers,LAL,5,201156,Nick Young,1610612747.0,Los Angeles,Lakers,LAL,0,0,,,,,,0
378,0021600120,435,8,0,4,12:50 AM,5:34,,,SUB: Randle FOR Nance Jr.,,,5,1626204,Larry Nance Jr.,1610612747.0,Los Angeles,Lakers,LAL,5,203944,Julius Randle,1610612747.0,Los Angeles,Lakers,LAL,0,0,,,,,,0
379,0021600120,436,8,0,4,12:50 AM,5:34,SUB: Afflalo FOR Collison,,,,,4,201954,Darren Collison,1610612758.0,Sacramento,Kings,SAC,4,201167,Arron Afflalo,1610612758.0,Sacramento,Kings,SAC,0,0,,,,,,0
380,0021600120,437,8,0,4,12:50 AM,5:34,SUB: Lawson FOR Temple,,,,,4,202066,Garrett Temple,1610612758.0,Sacramento,Kings,SAC,4,201951,Ty Lawson,1610612758.0,Sacramento,Kings,SAC,0,0,,,,,,0
381,0021600120,438,2,1,4,12:51 AM,5:18,MISS Gay 25' 3PT Jump Shot,,,,,4,200752,Rudy Gay,1610612758.0,Sacramento,Kings,SAC,0,0,,,,,,0,0,,,,,,1
382,0021600120,439,4,0,4,12:51 AM,5:17,,,Young REBOUND (Off:0 Def:1),,,5,201156,Nick Young,1610612747.0,Los Angeles,Lakers,LAL,0,0,,,,,,0,0,,,,,,1
383,0021600120,440,1,101,4,12:51 AM,4:58,,,Ingram 4' Driving Floating Jump Shot (4 PTS),84 - 82,-2,5,1627742,Brandon Ingram,1610612747.0,Los Angeles,Lakers,LAL,0,0,,,,,,0,0,,,,,,1
384,0021600120,441,2,3,4,12:51 AM,4:47,MISS Cousins 6' Hook Shot,,,,,4,202326,DeMarcus Cousins,1610612758.0,Sacramento,Kings,SAC,0,0,,,,,,0,0,,,,,,1
385,0021600120,442,4,0,4,12:51 AM,4:45,,,Randle REBOUND (Off:0 Def:6),,,5,203944,Julius Randle,1610612747.0,Los Angeles,Lakers,LAL,0,0,,,,,,0,0,,,,,,1
386,0021600120,443,1,1,4,12:52 AM,4:37,,,Williams  3PT Jump Shot (16 PTS) (Randle 4 AST),87 - 82,-5,5,101150,Lou Williams,1610612747.0,Los Angeles,Lakers,LAL,5,203944,Julius Randle,1610612747.0,Los Angeles,Lakers,LAL,0,0,,,,,,1
387,0021600120,444,6,1,4,12:52 AM,4:20,,,Randle P.FOUL (P2.T4) (J.Phillips),,,5,203944,Julius Randle,1610612747.0,Los Angeles,Lakers,LAL,4,202326,DeMarcus Cousins,1610612758.0,Sacramento,Kings,SAC,1,0,,,,,,1
388,0021600120,445,9,1,4,12:52 AM,4:20,,,Lakers Timeout: Regular (Reg.4 Short 1),,,3,1610612747,,,,,,0,0,,,,,,0,0,,,,,,0
389,0021600120,449,2,78,4,12:56 AM,4:13,MISS Gay 11' Floating Jump Shot,,,,,4,200752,Rudy Gay,1610612758.0,Sacramento,Kings,SAC,0,0,,,,,,0,0,,,,,,1
390,0021600120,450,4,0,4,12:56 AM,4:11,,,Young REBOUND (Off:0 Def:2),,,5,201156,Nick Young,1610612747.0,Los Angeles,Lakers,LAL,0,0,,,,,,0,0,,,,,,1
391,0021600120,451,1,42,4,12:56 AM,4:06,,,Young 1' Driving Layup (13 PTS),89 - 82,-7,5,201156,Nick Young,1610612747.0,Los Angeles,Lakers,LAL,0,0,,,,,,0,0,,,,,,1
392,0021600120,452,5,2,4,12:56 AM,3:45,Cousins Lost Ball Turnover (P4.T15),,Young STEAL (1 STL),,,4,202326,DeMarcus Cousins,1610612758.0,Sacramento,Kings,SAC,5,201156,Nick Young,1610612747.0,Los Angeles,Lakers,LAL,0,0,,,,,,1
393,0021600120,453,1,1,4,12:56 AM,3:36,,,Young 25' 3PT Jump Shot (16 PTS) (Randle 5 AST),92 - 82,-10,5,201156,Nick Young,1610612747.0,Los Angeles,Lakers,LAL,5,203944,Julius Randle,1610612747.0,Los Angeles,Lakers,LAL,0,0,,,,,,1
394,0021600120,454,9,1,4,12:56 AM,3:36,KINGS Timeout: Regular (Full 5 Short 0),,,,,2,1610612758,,,,,,0,0,,,,,,0,0,,,,,,0
395,0021600120,457,6,1,4,12:59 AM,3:24,,,Mozgov P.FOUL (P3.PN) (J.Orr),,,5,202389,Timofey Mozgov,1610612747.0,Los Angeles,Lakers,LAL,4,202326,DeMarcus Cousins,1610612758.0,Sacramento,Kings,SAC,1,0,,,,,,1
396,0021600120,458,3,11,4,12:59 AM,3:24,Cousins Free Throw 1 of 2 (24 PTS),,,92 - 83,-9,4,202326,DeMarcus Cousins,1610612758.0,Sacramento,Kings,SAC,0,0,,,,,,0,0,,,,,,0
397,0021600120,460,3,12,4,12:59 AM,3:24,Cousins Free Throw 2 of 2 (25 PTS),,,92 - 84,-8,4,202326,DeMarcus Cousins,1610612758.0,Sacramento,Kings,SAC,0,0,,,,,,0,0,,,,,,0
398,0021600120,462,2,79,4,12:59 AM,3:10,,,MISS Williams 25' 3PT Pullup Jump Shot,,,5,101150,Lou Williams,1610612747.0,Los Angeles,Lakers,LAL,0,0,,,,,,0,0,,,,,,1
399,0021600120,463,4,0,4,12:59 AM,3:10,Afflalo REBOUND (Off:0 Def:6),,,,,4,201167,Arron Afflalo,1610612758.0,Sacramento,Kings,SAC,0,0,,,,,,0,0,,,,,,1
400,0021600120,464,1,42,4,1:00 AM,2:59,Cousins 1' Driving Layup (27 PTS),,,92 - 86,-6,4,202326,DeMarcus Cousins,1610612758.0,Sacramento,Kings,SAC,0,0,,,,,,0,0,,,,,,1
401,0021600120,465,6,29,4,1:00 AM,2:59,,,Young Shooting Block Foul (P4.PN) (J.Phillips),,,5,201156,Nick Young,1610612747.0,Los Angeles,Lakers,LAL,4,202326,DeMarcus Cousins,1610612758.0,Sacramento,Kings,SAC,1,0,,,,,,1
402,0021600120,466,3,10,4,1:00 AM,2:59,Cousins Free Throw 1 of 1 (28 PTS),,,92 - 87,-5,4,202326,DeMarcus Cousins,1610612758.0,Sacramento,Kings,SAC,0,0,,,,,,0,0,,,,,,0
403,0021600120,468,6,2,4,1:01 AM,2:43,Gay S.FOUL (P1.T4) (J.Phillips),,,,,4,200752,Rudy Gay,1610612758.0,Sacramento,Kings,SAC,5,203944,Julius Randle,1610612747.0,Los Angeles,Lakers,LAL,1,0,,,,,,1
404,0021600120,469,3,11,4,1:01 AM,2:43,,,Randle Free Throw 1 of 2 (12 PTS),93 - 87,-6,5,203944,Julius Randle,1610612747.0,Los Angeles,Lakers,LAL,0,0,,,,,,0,0,,,,,,0
405,0021600120,471,3,12,4,1:01 AM,2:43,,,Randle Free Throw 2 of 2 (13 PTS),94 - 87,-7,5,203944,Julius Randle,1610612747.0,Los Angeles,Lakers,LAL,0,0,,,,,,0,0,,,,,,0
406,0021600120,473,2,1,4,1:01 AM,2:28,MISS Barnes 26' 3PT Jump Shot,,,,,4,2440,Matt Barnes,1610612758.0,Sacramento,Kings,SAC,0,0,,,,,,0,0,,,,,,1
407,0021600120,474,4,0,4,1:01 AM,2:28,,,Young REBOUND (Off:0 Def:3),,,5,201156,Nick Young,1610612747.0,Los Angeles,Lakers,LAL,0,0,,,,,,0,0,,,,,,1
408,0021600120,475,2,1,4,1:02 AM,2:01,,,MISS Young 27' 3PT Jump Shot,,,5,201156,Nick Young,1610612747.0,Los Angeles,Lakers,LAL,0,0,,,,,,0,0,,,,,,1
409,0021600120,476,4,0,4,1:02 AM,2:01,Cousins REBOUND (Off:2 Def:6),,,,,4,202326,DeMarcus Cousins,1610612758.0,Sacramento,Kings,SAC,0,0,,,,,,0,0,,,,,,1
410,0021600120,477,2,63,4,1:02 AM,1:50,MISS Gay 8' Fadeaway Jumper,,,,,4,200752,Rudy Gay,1610612758.0,Sacramento,Kings,SAC,0,0,,,,,,0,0,,,,,,1
411,0021600120,479,4,0,4,1:02 AM,1:47,Cousins REBOUND (Off:3 Def:6),,,,,4,202326,DeMarcus Cousins,1610612758.0,Sacramento,Kings,SAC,0,0,,,,,,0,0,,,,,,1
412,0021600120,478,2,97,4,1:02 AM,1:47,MISS Cousins 1' Tip Layup Shot,,,,,4,202326,DeMarcus Cousins,1610612758.0,Sacramento,Kings,SAC,0,0,,,,,,0,0,,,,,,1
413,0021600120,480,4,0,4,1:02 AM,1:46,,,Mozgov REBOUND (Off:1 Def:2),,,5,202389,Timofey Mozgov,1610612747.0,Los Angeles,Lakers,LAL,0,0,,,,,,0,0,,,,,,1
414,0021600120,481,5,1,4,1:02 AM,1:27,Gay STEAL (2 STL),,Williams Bad Pass Turnover (P4.T20),,,5,101150,Lou Williams,1610612747.0,Los Angeles,Lakers,LAL,4,200752,Rudy Gay,1610612758.0,Sacramento,Kings,SAC,0,0,,,,,,1
415,0021600120,482,6,2,4,1:03 AM,1:25,,,Ingram S.FOUL (P2.PN) (J.Phillips),,,5,1627742,Brandon Ingram,1610612747.0,Los Angeles,Lakers,LAL,4,200752,Rudy Gay,1610612758.0,Sacramento,Kings,SAC,1,0,,,,,,1
416,0021600120,483,3,11,4,1:03 AM,1:25,MISS Gay Free Throw 1 of 2,,,,,4,200752,Rudy Gay,1610612758.0,Sacramento,Kings,SAC,0,0,,,,,,0,0,,,,,,0
417,0021600120,484,4,1,4,1:03 AM,1:25,KINGS Rebound,,,,,2,1610612758,,,,,,0,0,,,,,,0,0,,,,,,0
418,0021600120,485,9,2,4,1:03 AM,1:25,,,Lakers Timeout: Short (Reg.4 Short 2),,,3,1610612747,,,,,,0,0,,,,,,0,0,,,,,,0
419,0021600120,489,3,12,4,1:05 AM,1:25,Gay Free Throw 2 of 2 (15 PTS),,,94 - 88,-6,4,200752,Rudy Gay,1610612758.0,Sacramento,Kings,SAC,0,0,,,,,,0,0,,,,,,0
420,0021600120,491,1,63,4,1:05 AM,1:05,,,Williams 8' Fadeaway Jumper (18 PTS),96 - 88,-8,5,101150,Lou Williams,1610612747.0,Los Angeles,Lakers,LAL,0,0,,,,,,0,0,,,,,,1
421,0021600120,492,6,2,4,1:05 AM,1:05,Barnes S.FOUL (P2.PN) (J.Phillips),,,,,4,2440,Matt Barnes,1610612758.0,Sacramento,Kings,SAC,5,101150,Lou Williams,1610612747.0,Los Angeles,Lakers,LAL,1,0,,,,,,1
422,0021600120,493,3,10,4,1:06 AM,1:05,,,Williams Free Throw 1 of 1 (19 PTS),97 - 88,-9,5,101150,Lou Williams,1610612747.0,Los Angeles,Lakers,LAL,0,0,,,,,,0,0,,,,,,0
423,0021600120,495,1,1,4,1:06 AM,0:53,Lawson 24' 3PT Jump Shot (11 PTS) (Cousins 4 AST),,,97 - 91,-6,4,201951,Ty Lawson,1610612758.0,Sacramento,Kings,SAC,4,202326,DeMarcus Cousins,1610612758.0,Sacramento,Kings,SAC,0,0,,,,,,1
424,0021600120,496,2,78,4,1:06 AM,0:34,,,MISS Williams 5' Floating Jump Shot,,,5,101150,Lou Williams,1610612747.0,Los Angeles,Lakers,LAL,0,0,,,,,,0,0,,,,,,1
425,0021600120,497,4,0,4,1:06 AM,0:33,,,Randle REBOUND (Off:1 Def:6),,,5,203944,Julius Randle,1610612747.0,Los Angeles,Lakers,LAL,0,0,,,,,,0,0,,,,,,1
426,0021600120,498,2,5,4,1:06 AM,0:32,Barnes BLOCK (2 BLK),,MISS Randle 5' Layup,,,5,203944,Julius Randle,1610612747.0,Los Angeles,Lakers,LAL,0,0,,,,,,4,2440,Matt Barnes,1610612758.0,Sacramento,Kings,SAC,1
427,0021600120,499,4,0,4,1:06 AM,0:32,,,Lakers Rebound,,,3,1610612747,,,,,,0,0,,,,,,0,0,,,,,,0
428,0021600120,500,5,1,4,1:07 AM,0:30,Cousins STEAL (2 STL),,Williams Bad Pass Turnover (P5.T21),,,5,101150,Lou Williams,1610612747.0,Los Angeles,Lakers,LAL,4,202326,DeMarcus Cousins,1610612758.0,Sacramento,Kings,SAC,0,0,,,,,,1
429,0021600120,501,2,1,4,1:07 AM,0:22,MISS Cousins 25' 3PT Jump Shot,,,,,4,202326,DeMarcus Cousins,1610612758.0,Sacramento,Kings,SAC,0,0,,,,,,0,0,,,,,,1
430,0021600120,503,4,0,4,1:07 AM,0:20,Barnes REBOUND (Off:1 Def:3),,,,,4,2440,Matt Barnes,1610612758.0,Sacramento,Kings,SAC,0,0,,,,,,0,0,,,,,,1
431,0021600120,502,2,97,4,1:07 AM,0:20,MISS Barnes 3' Tip Layup Shot,,,,,4,2440,Matt Barnes,1610612758.0,Sacramento,Kings,SAC,0,0,,,,,,0,0,,,,,,1
432,0021600120,504,4,0,4,1:07 AM,0:19,Barnes REBOUND (Off:2 Def:3),,,,,4,2440,Matt Barnes,1610612758.0,Sacramento,Kings,SAC,0,0,,,,,,0,0,,,,,,1
433,0021600120,505,2,1,4,1:07 AM,0:16,MISS Afflalo 26' 3PT Jump Shot,,,,,4,201167,Arron Afflalo,1610612758.0,Sacramento,Kings,SAC,0,0,,,,,,0,0,,,,,,1
434,0021600120,506,4,0,4,1:07 AM,0:16,,,Randle REBOUND (Off:1 Def:7),,,5,203944,Julius Randle,1610612747.0,Los Angeles,Lakers,LAL,0,0,,,,,,0,0,,,,,,1
435,0021600120,507,6,1,4,1:07 AM,0:16,Barnes P.FOUL (P3.PN) (J.Phillips),,,,,4,2440,Matt Barnes,1610612758.0,Sacramento,Kings,SAC,5,203944,Julius Randle,1610612747.0,Los Angeles,Lakers,LAL,1,0,,,,,,1
436,0021600120,508,3,11,4,1:07 AM,0:16,,,Randle Free Throw 1 of 2 (14 PTS),98 - 91,-7,5,203944,Julius Randle,1610612747.0,Los Angeles,Lakers,LAL,0,0,,,,,,0,0,,,,,,1
437,0021600120,510,3,12,4,1:08 AM,0:16,,,Randle Free Throw 2 of 2 (15 PTS),99 - 91,-8,5,203944,Julius Randle,1610612747.0,Los Angeles,Lakers,LAL,0,0,,,,,,0,0,,,,,,0
438,0021600120,512,9,2,4,1:08 AM,0:16,KINGS Timeout: Short (Full 5 Short 1),,,,,2,1610612758,,,,,,0,0,,,,,,0,0,,,,,,0
439,0021600120,514,8,0,4,1:09 AM,0:16,,,SUB: Nance Jr. FOR Mozgov,,,5,202389,Timofey Mozgov,1610612747.0,Los Angeles,Lakers,LAL,5,1626204,Larry Nance Jr.,1610612747.0,Los Angeles,Lakers,LAL,0,0,,,,,,0
440,0021600120,516,2,5,4,1:09 AM,0:11,MISS Cousins 3' Layup,,,,,4,202326,DeMarcus Cousins,1610612758.0,Sacramento,Kings,SAC,0,0,,,,,,0,0,,,,,,1
441,0021600120,517,4,0,4,1:09 AM,0:10,,,Nance Jr. REBOUND (Off:0 Def:7),,,5,1626204,Larry Nance Jr.,1610612747.0,Los Angeles,Lakers,LAL,0,0,,,,,,0,0,,,,,,1
442,0021600120,518,6,1,4,1:09 AM,0:08,Lawson P.FOUL (P4.PN) (J.Tiven),,,,,4,201951,Ty Lawson,1610612758.0,Sacramento,Kings,SAC,5,101150,Lou Williams,1610612747.0,Los Angeles,Lakers,LAL,1,0,,,,,,1
443,0021600120,519,3,11,4,1:10 AM,0:08,,,Williams Free Throw 1 of 2 (20 PTS),100 - 91,-9,5,101150,Lou Williams,1610612747.0,Los Angeles,Lakers,LAL,0,0,,,,,,0,0,,,,,,0
444,0021600120,521,3,12,4,1:10 AM,0:08,,,Williams Free Throw 2 of 2 (21 PTS),101 - 91,-10,5,101150,Lou Williams,1610612747.0,Los Angeles,Lakers,LAL,0,0,,,,,,0,0,,,,,,0
445,0021600120,523,13,0,4,1:10 AM,0:00,,End of 4th Period (1:10 AM EST),,101 - 91,-10,0,0,,,,,,0,0,,,,,,0,0,,,,,,1
