,GAME_ID,EVENTNUM,EVENTMSGTYPE,EVENTMSGACTIONTYPE,PERIOD,WCTIMESTRING,PCTIMESTRING,HOMEDESCRIPTION,NEUTRALDESCRIPTION,VISITORDESCRIPTION,SCORE,SCOREMARGIN,PERSON1TYPE,PLAYER1_ID,PLAYER1_NAME,PLAYER1_TEAM_ID,PLAYER1_TEAM_CITY,PLAYER1_TEAM_NICKNAME,PLAYER1_TEAM_ABBREVIATION,PERSON2TYPE,PLAYER2_ID,PLAYER2_NAME,PLAYER2_TEAM_ID,PLAYER2_TEAM_CITY,PLAYER2_TEAM_NICKNAME,PLAYER2_TEAM_ABBREVIATION,PERSON3TYPE,PLAYER3_ID,PLAYER3_NAME,PLAYER3_TEAM_ID,PLAYER3_TEAM_CITY,PLAYER3_TEAM_NICKNAME,PLAYER3_TEAM_ABBREVIATION,VIDEO_AVAILABLE_FLAG
0,0022000495,2,12,0,1,8:10 PM,12:00,,Start of 1st Period (8:10 PM EST),,,,0,0,,,,,,0,0,,,,,,0,0,,,,,,0
1,0022000495,4,10,0,1,8:10 PM,12:00,Jump Ball Horford vs. Poeltl: Tip to Maledon,,,,,4,201143,Al Horford,1610612760.0,Oklahoma City,Thunder,OKC,5,1627751,Jakob Poeltl,1610612759.0,San Antonio,Spurs,SAS,4,1630177,Theo Maledon,1610612760.0,Oklahoma City,Thunder,OKC,1
2,0022000495,7,2,3,1,8:11 PM,11:39,MISS Horford 7' Hook Shot,,,,,4,201143,Al Horford,1610612760.0,Oklahoma City,Thunder,OKC,0,0,,,,,,0,0,,,,,,1
3,0022000495,8,4,0,1,8:11 PM,11:37,,,Murray REBOUND (Off:0 Def:1),,,5,1627749,Dejounte Murray,1610612759.0,San Antonio,Spurs,SAS,0,0,,,,,,0,0,,,,,,1
4,0022000495,9,1,79,1,8:11 PM,11:28,,,Murray 17' Pullup Jump Shot (2 PTS),2 - 0,-2,5,1627749,Dejounte Murray,1610612759.0,San Antonio,Spurs,SAS,0,0,,,,,,0,0,,,,,,1
5,0022000495,10,1,73,1,8:11 PM,11:08,Horford 2' Driving Reverse Layup (2 PTS) (Dort 1 AST),,,2 - 2,TIE,4,201143,Al Horford,1610612760.0,Oklahoma City,Thunder,OKC,4,1629652,Luguentz Dort,1610612760.0,Oklahoma City,Thunder,OKC,0,0,,,,,,1
6,0022000495,12,2,79,1,8:12 PM,10:54,,,MISS Lyles 15' Pullup Jump Shot,,,5,1626168,Trey Lyles,1610612759.0,San Antonio,Spurs,SAS,0,0,,,,,,0,0,,,,,,1
7,0022000495,13,4,0,1,8:12 PM,10:52,Gilgeous-Alexander REBOUND (Off:0 Def:1),,,,,4,1628983,Shai Gilgeous-Alexander,1610612760.0,Oklahoma City,Thunder,OKC,0,0,,,,,,0,0,,,,,,1
8,0022000495,14,1,6,1,8:12 PM,10:41,Dort 3' Driving Layup (2 PTS) (Horford 1 AST),,,2 - 4,2,4,1629652,Luguentz Dort,1610612760.0,Oklahoma City,Thunder,OKC,4,201143,Al Horford,1610612760.0,Oklahoma City,Thunder,OKC,0,0,,,,,,1
9,0022000495,16,1,79,1,8:12 PM,10:28,,,Murray 15' Pullup Jump Shot (4 PTS),4 - 4,TIE,5,1627749,Dejounte Murray,1610612759.0,San Antonio,Spurs,SAS,0,0,,,,,,0,0,,,,,,1
10,0022000495,17,6,1,1,8:12 PM,10:06,,,Murray P.FOUL (P1.T1) (Z.Zarba),,,5,1627749,Dejounte Murray,1610612759.0,San Antonio,Spurs,SAS,4,1628983,Shai Gilgeous-Alexander,1610612760.0,Oklahoma City,Thunder,OKC,1,0,,,,,,1
11,0022000495,19,1,75,1,8:13 PM,9:53,Gilgeous-Alexander 3' Driving Finger Roll Layup (2 PTS),,,4 - 6,2,4,1628983,Shai Gilgeous-Alexander,1610612760.0,Oklahoma City,Thunder,OKC,0,0,,,,,,0,0,,,,,,1
12,0022000495,20,1,79,1,8:13 PM,9:41,,,Murray 19' Pullup Jump Shot (6 PTS),6 - 6,TIE,5,1627749,Dejounte Murray,1610612759.0,San Antonio,Spurs,SAS,0,0,,,,,,0,0,,,,,,1
13,0022000495,21,2,6,1,8:13 PM,9:22,MISS Gilgeous-Alexander 5' Driving Layup,,Lyles BLOCK (1 BLK),,,4,1628983,Shai Gilgeous-Alexander,1610612760.0,Oklahoma City,Thunder,OKC,0,0,,,,,,5,1626168,Trey Lyles,1610612759.0,San Antonio,Spurs,SAS,1
14,0022000495,23,4,0,1,8:13 PM,9:18,Bazley REBOUND (Off:1 Def:0),,,,,4,1629647,Darius Bazley,1610612760.0,Oklahoma City,Thunder,OKC,0,0,,,,,,0,0,,,,,,1
15,0022000495,24,2,1,1,8:13 PM,9:14,MISS Dort 24' 3PT Jump Shot,,,,,4,1629652,Luguentz Dort,1610612760.0,Oklahoma City,Thunder,OKC,0,0,,,,,,0,0,,,,,,1
16,0022000495,25,4,0,1,8:14 PM,9:11,,,Poeltl REBOUND (Off:0 Def:1),,,5,1627751,Jakob Poeltl,1610612759.0,San Antonio,Spurs,SAS,0,0,,,,,,0,0,,,,,,1
17,0022000495,26,2,79,1,8:14 PM,8:56,,,MISS Murray 14' Pullup Jump Shot,,,5,1627749,Dejounte Murray,1610612759.0,San Antonio,Spurs,SAS,0,0,,,,,,0,0,,,,,,1
18,0022000495,27,4,0,1,8:14 PM,8:53,Dort REBOUND (Off:0 Def:1),,,,,4,1629652,Luguentz Dort,1610612760.0,Oklahoma City,Thunder,OKC,0,0,,,,,,0,0,,,,,,1
19,0022000495,28,5,13,1,8:14 PM,8:51,Dort Backcourt Turnover (P1.T1),,,,,4,1629652,Luguentz Dort,1610612760.0,Oklahoma City,Thunder,OKC,0,0,,,,,,1,0,,,,,,1
20,0022000495,29,1,102,1,8:14 PM,8:40,,,Samanic 8' Driving Floating Bank Jump Shot (2 PTS) (Poeltl 1 AST),8 - 6,-2,5,1629677,Luka Samanic,1610612759.0,San Antonio,Spurs,SAS,5,1627751,Jakob Poeltl,1610612759.0,San Antonio,Spurs,SAS,0,0,,,,,,1
21,0022000495,31,1,98,1,8:14 PM,8:25,Dort 3' Cutting Layup Shot (4 PTS) (Horford 2 AST),,,8 - 8,TIE,4,1629652,Luguentz Dort,1610612760.0,Oklahoma City,Thunder,OKC,4,201143,Al Horford,1610612760.0,Oklahoma City,Thunder,OKC,0,0,,,,,,1
22,0022000495,33,1,78,1,8:15 PM,8:07,,,Murray 11' Floating Jump Shot (8 PTS),10 - 8,-2,5,1627749,Dejounte Murray,1610612759.0,San Antonio,Spurs,SAS,0,0,,,,,,0,0,,,,,,1
23,0022000495,34,2,1,1,8:15 PM,7:53,MISS Bazley 25' 3PT Jump Shot,,,,,4,1629647,Darius Bazley,1610612760.0,Oklahoma City,Thunder,OKC,0,0,,,,,,0,0,,,,,,1
24,0022000495,35,4,0,1,8:15 PM,7:50,,,Murray REBOUND (Off:0 Def:2),,,5,1627749,Dejounte Murray,1610612759.0,San Antonio,Spurs,SAS,0,0,,,,,,0,0,,,,,,1
25,0022000495,36,2,1,1,8:15 PM,7:43,,,MISS Walker IV 25' 3PT Jump Shot,,,5,1629022,Lonnie Walker IV,1610612759.0,San Antonio,Spurs,SAS,0,0,,,,,,0,0,,,,,,1
26,0022000495,37,4,0,1,8:15 PM,7:40,Horford REBOUND (Off:0 Def:1),,,,,4,201143,Al Horford,1610612760.0,Oklahoma City,Thunder,OKC,0,0,,,,,,0,0,,,,,,1
27,0022000495,38,2,101,1,8:15 PM,7:32,MISS Maledon 9' Driving Floating Jump Shot,,,,,4,1630177,Theo Maledon,1610612760.0,Oklahoma City,Thunder,OKC,0,0,,,,,,0,0,,,,,,1
28,0022000495,39,4,0,1,8:15 PM,7:31,,,Poeltl REBOUND (Off:0 Def:2),,,5,1627751,Jakob Poeltl,1610612759.0,San Antonio,Spurs,SAS,0,0,,,,,,0,0,,,,,,1
29,0022000495,40,2,79,1,8:16 PM,7:15,,,MISS Murray 17' Pullup Jump Shot,,,5,1627749,Dejounte Murray,1610612759.0,San Antonio,Spurs,SAS,0,0,,,,,,0,0,,,,,,1
30,0022000495,41,4,0,1,8:16 PM,7:12,Gilgeous-Alexander REBOUND (Off:0 Def:2),,,,,4,1628983,Shai Gilgeous-Alexander,1610612760.0,Oklahoma City,Thunder,OKC,0,0,,,,,,0,0,,,,,,1
31,0022000495,42,6,1,1,8:16 PM,7:08,,,Murray P.FOUL (P2.T2) (J.Goble),,,5,1627749,Dejounte Murray,1610612759.0,San Antonio,Spurs,SAS,4,1629647,Darius Bazley,1610612760.0,Oklahoma City,Thunder,OKC,1,0,,,,,,1
32,0022000495,44,9,1,1,8:16 PM,7:08,THUNDER Timeout: Regular (Full 1 Short 0),,,,,2,1610612760,,,,,,0,0,,,,,,0,0,,,,,,0
33,0022000495,45,8,0,1,8:16 PM,7:08,,,SUB: Mills FOR Murray,,,5,1627749,Dejounte Murray,1610612759.0,San Antonio,Spurs,SAS,5,201988,Patty Mills,1610612759.0,San Antonio,Spurs,SAS,0,0,,,,,,0
34,0022000495,47,2,1,1,8:19 PM,6:56,MISS Dort 3PT Jump Shot,,,,,4,1629652,Luguentz Dort,1610612760.0,Oklahoma City,Thunder,OKC,0,0,,,,,,0,0,,,,,,1
35,0022000495,48,4,0,1,8:19 PM,6:53,,,Lyles REBOUND (Off:0 Def:1),,,5,1626168,Trey Lyles,1610612759.0,San Antonio,Spurs,SAS,0,0,,,,,,0,0,,,,,,1
36,0022000495,49,1,79,1,8:19 PM,6:43,,,Lyles 16' Pullup Jump Shot (2 PTS) (Mills 1 AST),12 - 8,-4,5,1626168,Trey Lyles,1610612759.0,San Antonio,Spurs,SAS,5,201988,Patty Mills,1610612759.0,San Antonio,Spurs,SAS,0,0,,,,,,1
37,0022000495,51,1,79,1,8:20 PM,6:33,Gilgeous-Alexander 25' 3PT Pullup Jump Shot (5 PTS),,,12 - 11,-1,4,1628983,Shai Gilgeous-Alexander,1610612760.0,Oklahoma City,Thunder,OKC,0,0,,,,,,0,0,,,,,,1
38,0022000495,52,2,79,1,8:20 PM,6:20,,,MISS Mills 18' Pullup Jump Shot,,,5,201988,Patty Mills,1610612759.0,San Antonio,Spurs,SAS,0,0,,,,,,0,0,,,,,,1
39,0022000495,53,4,0,1,8:20 PM,6:17,Bazley REBOUND (Off:1 Def:1),,,,,4,1629647,Darius Bazley,1610612760.0,Oklahoma City,Thunder,OKC,0,0,,,,,,0,0,,,,,,1
40,0022000495,54,2,79,1,8:20 PM,6:13,MISS Bazley 25' 3PT Pullup Jump Shot,,,,,4,1629647,Darius Bazley,1610612760.0,Oklahoma City,Thunder,OKC,0,0,,,,,,0,0,,,,,,1
41,0022000495,55,4,0,1,8:20 PM,6:11,,,Samanic REBOUND (Off:0 Def:1),,,5,1629677,Luka Samanic,1610612759.0,San Antonio,Spurs,SAS,0,0,,,,,,0,0,,,,,,1
42,0022000495,56,5,2,1,8:20 PM,6:02,Maledon STEAL (1 STL),,Samanic Lost Ball Turnover (P1.T1),,,5,1629677,Luka Samanic,1610612759.0,San Antonio,Spurs,SAS,4,1630177,Theo Maledon,1610612760.0,Oklahoma City,Thunder,OKC,0,0,,,,,,1
43,0022000495,58,2,80,1,8:20 PM,5:49,MISS Gilgeous-Alexander 25' 3PT Step Back Jump Shot,,,,,4,1628983,Shai Gilgeous-Alexander,1610612760.0,Oklahoma City,Thunder,OKC,0,0,,,,,,0,0,,,,,,1
44,0022000495,59,4,0,1,8:20 PM,5:47,Horford REBOUND (Off:1 Def:1),,,,,4,201143,Al Horford,1610612760.0,Oklahoma City,Thunder,OKC,0,0,,,,,,0,0,,,,,,1
45,0022000495,60,2,58,1,8:20 PM,5:42,MISS Horford 8' Turnaround Hook Shot,,,,,4,201143,Al Horford,1610612760.0,Oklahoma City,Thunder,OKC,0,0,,,,,,0,0,,,,,,1
46,0022000495,61,4,0,1,8:20 PM,5:39,Horford REBOUND (Off:2 Def:1),,,,,4,201143,Al Horford,1610612760.0,Oklahoma City,Thunder,OKC,0,0,,,,,,0,0,,,,,,1
47,0022000495,62,1,1,1,8:21 PM,5:33,Gilgeous-Alexander 24' 3PT Jump Shot (8 PTS) (Horford 3 AST),,,12 - 14,2,4,1628983,Shai Gilgeous-Alexander,1610612760.0,Oklahoma City,Thunder,OKC,4,201143,Al Horford,1610612760.0,Oklahoma City,Thunder,OKC,0,0,,,,,,1
48,0022000495,64,2,73,1,8:21 PM,5:14,,,MISS Lyles 2' Driving Reverse Layup,,,5,1626168,Trey Lyles,1610612759.0,San Antonio,Spurs,SAS,0,0,,,,,,0,0,,,,,,1
49,0022000495,65,4,0,1,8:21 PM,5:13,Maledon REBOUND (Off:0 Def:1),,,,,4,1630177,Theo Maledon,1610612760.0,Oklahoma City,Thunder,OKC,0,0,,,,,,0,0,,,,,,1
50,0022000495,66,2,41,1,8:21 PM,5:10,MISS Bazley 4' Running Layup,,,,,4,1629647,Darius Bazley,1610612760.0,Oklahoma City,Thunder,OKC,0,0,,,,,,0,0,,,,,,1
51,0022000495,67,4,0,1,8:21 PM,5:09,Bazley REBOUND (Off:2 Def:1),,,,,4,1629647,Darius Bazley,1610612760.0,Oklahoma City,Thunder,OKC,0,0,,,,,,0,0,,,,,,1
52,0022000495,68,2,97,1,8:21 PM,5:09,MISS Bazley Tip Layup Shot,,,,,4,1629647,Darius Bazley,1610612760.0,Oklahoma City,Thunder,OKC,0,0,,,,,,0,0,,,,,,1
53,0022000495,69,4,0,1,8:21 PM,5:08,Bazley REBOUND (Off:3 Def:1),,,,,4,1629647,Darius Bazley,1610612760.0,Oklahoma City,Thunder,OKC,0,0,,,,,,0,0,,,,,,1
54,0022000495,158,2,97,1,8:21 PM,5:08,MISS Bazley 2' Tip Layup Shot,,,,,4,1629647,Darius Bazley,1610612760.0,Oklahoma City,Thunder,OKC,0,0,,,,,,0,0,,,,,,1
55,0022000495,159,4,0,1,8:21 PM,5:07,,,Walker IV REBOUND (Off:0 Def:1),,,5,1629022,Lonnie Walker IV,1610612759.0,San Antonio,Spurs,SAS,0,0,,,,,,0,0,,,,,,1
56,0022000495,70,5,1,1,8:21 PM,4:50,Maledon STEAL (2 STL),,Walker IV Bad Pass Turnover (P1.T2),,,5,1629022,Lonnie Walker IV,1610612759.0,San Antonio,Spurs,SAS,4,1630177,Theo Maledon,1610612760.0,Oklahoma City,Thunder,OKC,0,0,,,,,,1
57,0022000495,72,2,41,1,8:21 PM,4:45,MISS Bazley 3' Running Layup,,,,,4,1629647,Darius Bazley,1610612760.0,Oklahoma City,Thunder,OKC,0,0,,,,,,0,0,,,,,,1
58,0022000495,73,4,0,1,8:21 PM,4:42,Dort REBOUND (Off:1 Def:1),,,,,4,1629652,Luguentz Dort,1610612760.0,Oklahoma City,Thunder,OKC,0,0,,,,,,0,0,,,,,,1
59,0022000495,74,2,1,1,8:21 PM,4:40,MISS Gilgeous-Alexander 24' 3PT Jump Shot,,,,,4,1628983,Shai Gilgeous-Alexander,1610612760.0,Oklahoma City,Thunder,OKC,0,0,,,,,,0,0,,,,,,1
60,0022000495,75,4,0,1,8:22 PM,4:38,,,Samanic REBOUND (Off:0 Def:2),,,5,1629677,Luka Samanic,1610612759.0,San Antonio,Spurs,SAS,0,0,,,,,,0,0,,,,,,1
61,0022000495,76,9,1,1,8:22 PM,4:33,,,Spurs Timeout: Regular (Reg.1 Short 0),,,3,1610612759,,,,,,0,0,,,,,,0,0,,,,,,0
62,0022000495,77,8,0,1,8:23 PM,4:33,SUB: Williams FOR Dort,,,,,4,1629652,Luguentz Dort,1610612760.0,Oklahoma City,Thunder,OKC,4,1629026,Kenrich Williams,1610612760.0,Oklahoma City,Thunder,OKC,0,0,,,,,,0
63,0022000495,78,8,0,1,8:23 PM,4:33,SUB: Jackson FOR Bazley,,,,,4,1629647,Darius Bazley,1610612760.0,Oklahoma City,Thunder,OKC,4,1628382,Justin Jackson,1610612760.0,Oklahoma City,Thunder,OKC,0,0,,,,,,0
64,0022000495,79,8,0,1,8:23 PM,4:33,SUB: Roby FOR Maledon,,,,,4,1630177,Theo Maledon,1610612760.0,Oklahoma City,Thunder,OKC,4,1629676,Isaiah Roby,1610612760.0,Oklahoma City,Thunder,OKC,0,0,,,,,,0
65,0022000495,80,8,0,1,8:23 PM,4:33,SUB: Diallo FOR Horford,,,,,4,201143,Al Horford,1610612760.0,Oklahoma City,Thunder,OKC,4,1628977,Hamidou Diallo,1610612760.0,Oklahoma City,Thunder,OKC,0,0,,,,,,0
66,0022000495,81,8,0,1,8:23 PM,4:33,,,SUB: Jones FOR Walker IV,,,5,1629022,Lonnie Walker IV,1610612759.0,San Antonio,Spurs,SAS,5,1630200,Tre Jones,1610612759.0,San Antonio,Spurs,SAS,0,0,,,,,,0
67,0022000495,82,8,0,1,8:23 PM,4:33,,,SUB: Aldridge FOR Lyles,,,5,1626168,Trey Lyles,1610612759.0,San Antonio,Spurs,SAS,5,200746,LaMarcus Aldridge,1610612759.0,San Antonio,Spurs,SAS,0,0,,,,,,0
68,0022000495,89,2,79,1,8:25 PM,4:29,,,MISS Mills 25' 3PT Pullup Jump Shot,,,5,201988,Patty Mills,1610612759.0,San Antonio,Spurs,SAS,0,0,,,,,,0,0,,,,,,1
69,0022000495,90,4,0,1,8:25 PM,4:25,Roby REBOUND (Off:0 Def:1),,,,,4,1629676,Isaiah Roby,1610612760.0,Oklahoma City,Thunder,OKC,0,0,,,,,,0,0,,,,,,1
70,0022000495,91,2,80,1,8:25 PM,4:12,MISS Jackson 25' 3PT Step Back Jump Shot,,,,,4,1628382,Justin Jackson,1610612760.0,Oklahoma City,Thunder,OKC,0,0,,,,,,0,0,,,,,,1
71,0022000495,92,4,0,1,8:25 PM,4:10,THUNDER Rebound,,,,,2,1610612760,,,,,,0,0,,,,,,0,0,,,,,,0
72,0022000495,94,8,0,1,8:25 PM,4:10,,,SUB: Bates-Diop FOR Samanic,,,5,1629677,Luka Samanic,1610612759.0,San Antonio,Spurs,SAS,5,1628966,Keita Bates-Diop,1610612759.0,San Antonio,Spurs,SAS,0,0,,,,,,0
73,0022000495,253,6,1,1,8:25 PM,4:08,,,Poeltl P.FOUL (P1.T3) (Z.Zarba),,,5,1627751,Jakob Poeltl,1610612759.0,San Antonio,Spurs,SAS,4,1628983,Shai Gilgeous-Alexander,1610612760.0,Oklahoma City,Thunder,OKC,1,0,,,,,,1
74,0022000495,96,1,80,1,8:26 PM,3:59,Gilgeous-Alexander 26' 3PT Step Back Jump Shot (11 PTS),,,12 - 17,5,4,1628983,Shai Gilgeous-Alexander,1610612760.0,Oklahoma City,Thunder,OKC,0,0,,,,,,0,0,,,,,,1
75,0022000495,97,6,1,1,8:26 PM,3:51,Gilgeous-Alexander P.FOUL (P1.T1) (J.Goble),,,,,4,1628983,Shai Gilgeous-Alexander,1610612760.0,Oklahoma City,Thunder,OKC,5,1630200,Tre Jones,1610612759.0,San Antonio,Spurs,SAS,1,0,,,,,,1
76,0022000495,99,1,44,1,8:26 PM,3:47,,,Jones 2' Reverse Layup (2 PTS) (Bates-Diop 1 AST),14 - 17,3,5,1630200,Tre Jones,1610612759.0,San Antonio,Spurs,SAS,5,1628966,Keita Bates-Diop,1610612759.0,San Antonio,Spurs,SAS,0,0,,,,,,1
77,0022000495,101,2,80,1,8:26 PM,3:30,MISS Gilgeous-Alexander 13' Step Back Jump Shot,,,,,4,1628983,Shai Gilgeous-Alexander,1610612760.0,Oklahoma City,Thunder,OKC,0,0,,,,,,0,0,,,,,,1
78,0022000495,102,4,0,1,8:26 PM,3:29,Williams REBOUND (Off:1 Def:0),,,,,4,1629026,Kenrich Williams,1610612760.0,Oklahoma City,Thunder,OKC,0,0,,,,,,0,0,,,,,,1
79,0022000495,103,1,1,1,8:26 PM,3:26,Jackson 26' 3PT Jump Shot (3 PTS) (Williams 1 AST),,,14 - 20,6,4,1628382,Justin Jackson,1610612760.0,Oklahoma City,Thunder,OKC,4,1629026,Kenrich Williams,1610612760.0,Oklahoma City,Thunder,OKC,0,0,,,,,,1
80,0022000495,105,2,47,1,8:27 PM,3:07,,,MISS Aldridge 12' Turnaround Jump Shot,,,5,200746,LaMarcus Aldridge,1610612759.0,San Antonio,Spurs,SAS,0,0,,,,,,0,0,,,,,,1
81,0022000495,106,4,0,1,8:27 PM,3:07,,,Bates-Diop REBOUND (Off:1 Def:0),,,5,1628966,Keita Bates-Diop,1610612759.0,San Antonio,Spurs,SAS,0,0,,,,,,0,0,,,,,,1
82,0022000495,107,2,72,1,8:27 PM,3:06,Williams BLOCK (1 BLK),,MISS Bates-Diop 3' Putback Layup,,,5,1628966,Keita Bates-Diop,1610612759.0,San Antonio,Spurs,SAS,0,0,,,,,,4,1629026,Kenrich Williams,1610612760.0,Oklahoma City,Thunder,OKC,1
83,0022000495,109,4,0,1,8:27 PM,3:05,Jackson REBOUND (Off:0 Def:1),,,,,4,1628382,Justin Jackson,1610612760.0,Oklahoma City,Thunder,OKC,0,0,,,,,,0,0,,,,,,1
84,0022000495,110,1,50,1,8:27 PM,3:00,Diallo Running Dunk (2 PTS) (Jackson 1 AST),,,14 - 22,8,4,1628977,Hamidou Diallo,1610612760.0,Oklahoma City,Thunder,OKC,4,1628382,Justin Jackson,1610612760.0,Oklahoma City,Thunder,OKC,0,0,,,,,,1
85,0022000495,112,9,1,1,8:27 PM,3:00,,,Spurs Timeout: Regular (Reg.2 Short 0),,,3,1610612759,,,,,,0,0,,,,,,0,0,,,,,,0
86,0022000495,113,8,0,1,8:28 PM,3:00,SUB: Muscala FOR Gilgeous-Alexander,,,,,4,1628983,Shai Gilgeous-Alexander,1610612760.0,Oklahoma City,Thunder,OKC,4,203488,Mike Muscala,1610612760.0,Oklahoma City,Thunder,OKC,0,0,,,,,,0
87,0022000495,114,8,0,1,8:28 PM,3:00,,,SUB: Eubanks FOR Poeltl,,,5,1627751,Jakob Poeltl,1610612759.0,San Antonio,Spurs,SAS,5,1629234,Drew Eubanks,1610612759.0,San Antonio,Spurs,SAS,0,0,,,,,,0
88,0022000495,119,2,1,1,8:28 PM,2:49,,,MISS Aldridge 20' Jump Shot,,,5,200746,LaMarcus Aldridge,1610612759.0,San Antonio,Spurs,SAS,0,0,,,,,,0,0,,,,,,1
89,0022000495,120,4,0,1,8:29 PM,2:44,Jackson REBOUND (Off:0 Def:2),,,,,4,1628382,Justin Jackson,1610612760.0,Oklahoma City,Thunder,OKC,0,0,,,,,,0,0,,,,,,1
90,0022000495,121,5,1,1,8:29 PM,2:39,Diallo Bad Pass Turnover (P1.T2),,Mills STEAL (1 STL),,,4,1628977,Hamidou Diallo,1610612760.0,Oklahoma City,Thunder,OKC,5,201988,Patty Mills,1610612759.0,San Antonio,Spurs,SAS,0,0,,,,,,1
91,0022000495,123,2,6,1,8:29 PM,2:35,Roby BLOCK (1 BLK),,MISS Eubanks 4' Driving Layup,,,5,1629234,Drew Eubanks,1610612759.0,San Antonio,Spurs,SAS,0,0,,,,,,4,1629676,Isaiah Roby,1610612760.0,Oklahoma City,Thunder,OKC,1
92,0022000495,125,4,0,1,8:29 PM,2:35,,,Spurs Rebound,,,3,1610612759,,,,,,0,0,,,,,,0,0,,,,,,1
93,0022000495,126,5,39,1,8:29 PM,2:35,,,Eubanks Step Out of Bounds Turnover (P1.T3),,,5,1629234,Drew Eubanks,1610612759.0,San Antonio,Spurs,SAS,0,0,,,,,,1,0,,,,,,1
94,0022000495,127,2,5,1,8:29 PM,2:23,MISS Diallo 7' Layup,,,,,4,1628977,Hamidou Diallo,1610612760.0,Oklahoma City,Thunder,OKC,0,0,,,,,,0,0,,,,,,1
95,0022000495,129,4,0,1,8:29 PM,2:23,,,Bates-Diop REBOUND (Off:1 Def:1),,,5,1628966,Keita Bates-Diop,1610612759.0,San Antonio,Spurs,SAS,0,0,,,,,,0,0,,,,,,1
96,0022000495,130,1,79,1,8:29 PM,2:08,,,Mills 21' Pullup Jump Shot (2 PTS) (Eubanks 1 AST),16 - 22,6,5,201988,Patty Mills,1610612759.0,San Antonio,Spurs,SAS,5,1629234,Drew Eubanks,1610612759.0,San Antonio,Spurs,SAS,0,0,,,,,,1
97,0022000495,131,1,80,1,8:30 PM,1:51,Diallo 25' 3PT Step Back Jump Shot (5 PTS) (Jackson 2 AST),,,16 - 25,9,4,1628977,Hamidou Diallo,1610612760.0,Oklahoma City,Thunder,OKC,4,1628382,Justin Jackson,1610612760.0,Oklahoma City,Thunder,OKC,0,0,,,,,,1
98,0022000495,132,6,2,1,8:30 PM,1:35,Roby S.FOUL (P1.T2) (R.Acosta),,,,,4,1629676,Isaiah Roby,1610612760.0,Oklahoma City,Thunder,OKC,5,200746,LaMarcus Aldridge,1610612759.0,San Antonio,Spurs,SAS,1,0,,,,,,1
99,0022000495,134,3,11,1,8:30 PM,1:35,,,Aldridge Free Throw 1 of 2 (1 PTS),17 - 25,8,5,200746,LaMarcus Aldridge,1610612759.0,San Antonio,Spurs,SAS,0,0,,,,,,0,0,,,,,,1
100,0022000495,135,3,12,1,8:31 PM,1:35,,,Aldridge Free Throw 2 of 2 (2 PTS),18 - 25,7,5,200746,LaMarcus Aldridge,1610612759.0,San Antonio,Spurs,SAS,0,0,,,,,,0,0,,,,,,1
101,0022000495,136,1,1,1,8:31 PM,1:28,Roby 26' 3PT Jump Shot (3 PTS) (Diallo 1 AST),,,18 - 28,10,4,1629676,Isaiah Roby,1610612760.0,Oklahoma City,Thunder,OKC,4,1628977,Hamidou Diallo,1610612760.0,Oklahoma City,Thunder,OKC,0,0,,,,,,1
102,0022000495,137,2,79,1,8:31 PM,1:12,,,MISS Mills 27' 3PT Pullup Jump Shot,,,5,201988,Patty Mills,1610612759.0,San Antonio,Spurs,SAS,0,0,,,,,,0,0,,,,,,1
103,0022000495,138,4,0,1,8:31 PM,1:08,Williams REBOUND (Off:1 Def:1),,,,,4,1629026,Kenrich Williams,1610612760.0,Oklahoma City,Thunder,OKC,0,0,,,,,,0,0,,,,,,1
104,0022000495,139,2,2,1,8:31 PM,1:05,MISS Muscala 25' 3PT Running Jump Shot,,,,,4,203488,Mike Muscala,1610612760.0,Oklahoma City,Thunder,OKC,0,0,,,,,,0,0,,,,,,1
105,0022000495,140,4,0,1,8:31 PM,1:05,,,Spurs Rebound,,,3,1610612759,,,,,,0,0,,,,,,0,0,,,,,,0
106,0022000495,142,2,5,1,8:32 PM,0:47,Muscala BLOCK (1 BLK),,MISS Eubanks 4' Layup,,,5,1629234,Drew Eubanks,1610612759.0,San Antonio,Spurs,SAS,0,0,,,,,,4,203488,Mike Muscala,1610612760.0,Oklahoma City,Thunder,OKC,1
107,0022000495,144,4,0,1,8:32 PM,0:45,Diallo REBOUND (Off:0 Def:1),,,,,4,1628977,Hamidou Diallo,1610612760.0,Oklahoma City,Thunder,OKC,0,0,,,,,,0,0,,,,,,1
108,0022000495,145,6,1,1,8:32 PM,0:45,,,Bates-Diop P.FOUL (P1.T4) (R.Acosta),,,5,1628966,Keita Bates-Diop,1610612759.0,San Antonio,Spurs,SAS,4,1628977,Hamidou Diallo,1610612760.0,Oklahoma City,Thunder,OKC,1,0,,,,,,1
109,0022000495,147,2,101,1,8:32 PM,0:33,MISS Diallo 12' Driving Floating Jump Shot,,,,,4,1628977,Hamidou Diallo,1610612760.0,Oklahoma City,Thunder,OKC,0,0,,,,,,0,0,,,,,,1
110,0022000495,148,4,0,1,8:32 PM,0:26,,,Aldridge REBOUND (Off:0 Def:1),,,5,200746,LaMarcus Aldridge,1610612759.0,San Antonio,Spurs,SAS,0,0,,,,,,0,0,,,,,,1
111,0022000495,149,1,1,1,8:32 PM,0:24,,,Aldridge 26' 3PT Jump Shot (5 PTS) (Jones 1 AST),21 - 28,7,5,200746,LaMarcus Aldridge,1610612759.0,San Antonio,Spurs,SAS,5,1630200,Tre Jones,1610612759.0,San Antonio,Spurs,SAS,0,0,,,,,,1
112,0022000495,151,2,6,1,8:33 PM,0:01,MISS Roby 4' Driving Layup,,Aldridge BLOCK (1 BLK),,,4,1629676,Isaiah Roby,1610612760.0,Oklahoma City,Thunder,OKC,0,0,,,,,,5,200746,LaMarcus Aldridge,1610612759.0,San Antonio,Spurs,SAS,1
113,0022000495,153,4,0,1,8:33 PM,0:00,THUNDER Rebound,,,,,2,1610612760,,,,,,0,0,,,,,,0,0,,,,,,0
114,0022000495,155,2,1,1,8:33 PM,0:00,MISS Roby 19' Jump Shot,,,,,4,1629676,Isaiah Roby,1610612760.0,Oklahoma City,Thunder,OKC,0,0,,,,,,0,0,,,,,,1
115,0022000495,156,4,0,1,8:33 PM,0:00,THUNDER Rebound,,,,,2,1610612760,,,,,,0,0,,,,,,0,0,,,,,,0
116,0022000495,157,13,0,1,8:34 PM,0:00,,End of 1st Period (8:34 PM EST),,21 - 28,7,0,0,,,,,,0,0,,,,,,0,0,,,,,,1
117,0022000495,162,12,0,2,8:36 PM,12:00,,Start of 2nd Period (8:36 PM EST),,21 - 28,7,0,0,,,,,,0,0,,,,,,0,0,,,,,,0
118,0022000495,163,6,1,2,8:36 PM,11:51,Roby P.FOUL (P2.T1) (J.Goble),,,,,4,1629676,Isaiah Roby,1610612760.0,Oklahoma City,Thunder,OKC,5,200746,LaMarcus Aldridge,1610612759.0,San Antonio,Spurs,SAS,1,0,,,,,,1
119,0022000495,165,5,1,2,8:36 PM,11:39,Roby STEAL (1 STL),,Aldridge Bad Pass Turnover (P1.T4),,,5,200746,LaMarcus Aldridge,1610612759.0,San Antonio,Spurs,SAS,4,1629676,Isaiah Roby,1610612760.0,Oklahoma City,Thunder,OKC,0,0,,,,,,1
120,0022000495,167,2,102,2,8:36 PM,11:31,MISS Jackson 10' Driving Floating Bank Jump Shot,,,,,4,1628382,Justin Jackson,1610612760.0,Oklahoma City,Thunder,OKC,0,0,,,,,,0,0,,,,,,1
121,0022000495,168,4,0,2,8:36 PM,11:28,,,Aldridge REBOUND (Off:0 Def:2),,,5,200746,LaMarcus Aldridge,1610612759.0,San Antonio,Spurs,SAS,0,0,,,,,,0,0,,,,,,1
122,0022000495,170,6,2,2,8:37 PM,11:24,Muscala S.FOUL (P1.T2) (R.Acosta),,,,,4,203488,Mike Muscala,1610612760.0,Oklahoma City,Thunder,OKC,5,1628966,Keita Bates-Diop,1610612759.0,San Antonio,Spurs,SAS,1,0,,,,,,1
123,0022000495,172,3,11,2,8:37 PM,11:24,,,Bates-Diop Free Throw 1 of 2 (1 PTS),22 - 28,6,5,1628966,Keita Bates-Diop,1610612759.0,San Antonio,Spurs,SAS,0,0,,,,,,0,0,,,,,,1
124,0022000495,173,8,0,2,8:37 PM,11:24,,,SUB: Murray FOR Jones,,,5,1630200,Tre Jones,1610612759.0,San Antonio,Spurs,SAS,5,1627749,Dejounte Murray,1610612759.0,San Antonio,Spurs,SAS,0,0,,,,,,0
125,0022000495,175,3,12,2,8:37 PM,11:24,,,Bates-Diop Free Throw 2 of 2 (2 PTS),23 - 28,5,5,1628966,Keita Bates-Diop,1610612759.0,San Antonio,Spurs,SAS,0,0,,,,,,0,0,,,,,,1
126,0022000495,176,5,1,2,8:38 PM,11:06,Jackson Bad Pass Turnover (P1.T3),,Murray STEAL (1 STL),,,4,1628382,Justin Jackson,1610612760.0,Oklahoma City,Thunder,OKC,5,1627749,Dejounte Murray,1610612759.0,San Antonio,Spurs,SAS,0,0,,,,,,1
127,0022000495,178,1,1,2,8:38 PM,10:59,,,Mills 3PT Jump Shot (5 PTS) (Aldridge 1 AST),26 - 28,2,5,201988,Patty Mills,1610612759.0,San Antonio,Spurs,SAS,5,200746,LaMarcus Aldridge,1610612759.0,San Antonio,Spurs,SAS,0,0,,,,,,1
128,0022000495,180,2,79,2,8:38 PM,10:34,MISS Williams 11' Pullup Jump Shot,,,,,4,1629026,Kenrich Williams,1610612760.0,Oklahoma City,Thunder,OKC,0,0,,,,,,0,0,,,,,,1
129,0022000495,181,4,0,2,8:38 PM,10:32,,,Aldridge REBOUND (Off:0 Def:3),,,5,200746,LaMarcus Aldridge,1610612759.0,San Antonio,Spurs,SAS,0,0,,,,,,0,0,,,,,,1
130,0022000495,182,1,1,2,8:38 PM,10:21,,,Aldridge 25' 3PT Jump Shot (8 PTS) (Mills 2 AST),29 - 28,-1,5,200746,LaMarcus Aldridge,1610612759.0,San Antonio,Spurs,SAS,5,201988,Patty Mills,1610612759.0,San Antonio,Spurs,SAS,0,0,,,,,,1
131,0022000495,184,1,1,2,8:39 PM,10:07,Roby 20' Jump Shot (5 PTS),,,29 - 30,1,4,1629676,Isaiah Roby,1610612760.0,Oklahoma City,Thunder,OKC,0,0,,,,,,0,0,,,,,,1
132,0022000495,185,1,1,2,8:39 PM,9:46,,,Bates-Diop 25' 3PT Jump Shot (5 PTS) (Mills 3 AST),32 - 30,-2,5,1628966,Keita Bates-Diop,1610612759.0,San Antonio,Spurs,SAS,5,201988,Patty Mills,1610612759.0,San Antonio,Spurs,SAS,0,0,,,,,,1
133,0022000495,187,9,1,2,8:39 PM,9:46,THUNDER Timeout: Regular (Full 2 Short 0),,,,,2,1610612760,,,,,,0,0,,,,,,0,0,,,,,,0
134,0022000495,188,8,0,2,8:41 PM,9:46,SUB: Maledon FOR Jackson,,,,,4,1628382,Justin Jackson,1610612760.0,Oklahoma City,Thunder,OKC,4,1630177,Theo Maledon,1610612760.0,Oklahoma City,Thunder,OKC,0,0,,,,,,0
135,0022000495,189,8,0,2,8:41 PM,9:46,,,SUB: Lyles FOR Mills,,,5,201988,Patty Mills,1610612759.0,San Antonio,Spurs,SAS,5,1626168,Trey Lyles,1610612759.0,San Antonio,Spurs,SAS,0,0,,,,,,0
136,0022000495,190,8,0,2,8:41 PM,9:46,,,SUB: Walker IV FOR Eubanks,,,5,1629234,Drew Eubanks,1610612759.0,San Antonio,Spurs,SAS,5,1629022,Lonnie Walker IV,1610612759.0,San Antonio,Spurs,SAS,0,0,,,,,,0
137,0022000495,194,2,98,2,8:42 PM,9:35,MISS Muscala 2' Cutting Layup Shot,,,,,4,203488,Mike Muscala,1610612760.0,Oklahoma City,Thunder,OKC,0,0,,,,,,0,0,,,,,,1
138,0022000495,195,4,0,2,8:42 PM,9:32,,,Lyles REBOUND (Off:0 Def:2),,,5,1626168,Trey Lyles,1610612759.0,San Antonio,Spurs,SAS,0,0,,,,,,0,0,,,,,,1
139,0022000495,196,2,79,2,8:42 PM,9:18,,,MISS Murray 17' Pullup Jump Shot,,,5,1627749,Dejounte Murray,1610612759.0,San Antonio,Spurs,SAS,0,0,,,,,,0,0,,,,,,1
140,0022000495,197,4,0,2,8:42 PM,9:15,Williams REBOUND (Off:1 Def:2),,,,,4,1629026,Kenrich Williams,1610612760.0,Oklahoma City,Thunder,OKC,0,0,,,,,,0,0,,,,,,1
141,0022000495,198,2,1,2,8:43 PM,9:02,MISS Diallo 26' 3PT Jump Shot,,,,,4,1628977,Hamidou Diallo,1610612760.0,Oklahoma City,Thunder,OKC,0,0,,,,,,0,0,,,,,,1
142,0022000495,199,4,0,2,8:43 PM,8:58,,,Murray REBOUND (Off:0 Def:3),,,5,1627749,Dejounte Murray,1610612759.0,San Antonio,Spurs,SAS,0,0,,,,,,0,0,,,,,,1
143,0022000495,200,2,1,2,8:43 PM,8:48,,,MISS Bates-Diop 25' 3PT Jump Shot,,,5,1628966,Keita Bates-Diop,1610612759.0,San Antonio,Spurs,SAS,0,0,,,,,,0,0,,,,,,1
144,0022000495,201,4,0,2,8:43 PM,8:44,Diallo REBOUND (Off:0 Def:2),,,,,4,1628977,Hamidou Diallo,1610612760.0,Oklahoma City,Thunder,OKC,0,0,,,,,,0,0,,,,,,1
145,0022000495,202,5,1,2,8:43 PM,8:25,Roby Bad Pass Turnover (P1.T4),,Murray STEAL (2 STL),,,4,1629676,Isaiah Roby,1610612760.0,Oklahoma City,Thunder,OKC,5,1627749,Dejounte Murray,1610612759.0,San Antonio,Spurs,SAS,0,0,,,,,,1
146,0022000495,204,1,41,2,8:43 PM,8:21,,,Murray 3' Running Layup (10 PTS),34 - 30,-4,5,1627749,Dejounte Murray,1610612759.0,San Antonio,Spurs,SAS,0,0,,,,,,0,0,,,,,,1
147,0022000495,205,2,80,2,8:44 PM,8:00,MISS Diallo 18' Step Back Jump Shot,,,,,4,1628977,Hamidou Diallo,1610612760.0,Oklahoma City,Thunder,OKC,0,0,,,,,,0,0,,,,,,1
148,0022000495,206,4,0,2,8:44 PM,7:57,,,Murray REBOUND (Off:0 Def:4),,,5,1627749,Dejounte Murray,1610612759.0,San Antonio,Spurs,SAS,0,0,,,,,,0,0,,,,,,1
149,0022000495,207,6,2,2,8:44 PM,7:53,Muscala S.FOUL (P2.T3) (J.Goble),,,,,4,203488,Mike Muscala,1610612760.0,Oklahoma City,Thunder,OKC,5,1627749,Dejounte Murray,1610612759.0,San Antonio,Spurs,SAS,1,0,,,,,,1
150,0022000495,209,3,11,2,8:44 PM,7:53,,,Murray Free Throw 1 of 2 (11 PTS),35 - 30,-5,5,1627749,Dejounte Murray,1610612759.0,San Antonio,Spurs,SAS,0,0,,,,,,0,0,,,,,,1
151,0022000495,210,8,0,2,8:44 PM,7:53,SUB: Bazley FOR Roby,,,,,4,1629676,Isaiah Roby,1610612760.0,Oklahoma City,Thunder,OKC,4,1629647,Darius Bazley,1610612760.0,Oklahoma City,Thunder,OKC,0,0,,,,,,0
152,0022000495,211,8,0,2,8:44 PM,7:53,SUB: Gilgeous-Alexander FOR Williams,,,,,4,1629026,Kenrich Williams,1610612760.0,Oklahoma City,Thunder,OKC,4,1628983,Shai Gilgeous-Alexander,1610612760.0,Oklahoma City,Thunder,OKC,0,0,,,,,,0
153,0022000495,212,8,0,2,8:44 PM,7:53,,,SUB: Poeltl FOR Bates-Diop,,,5,1628966,Keita Bates-Diop,1610612759.0,San Antonio,Spurs,SAS,5,1627751,Jakob Poeltl,1610612759.0,San Antonio,Spurs,SAS,0,0,,,,,,0
154,0022000495,213,8,0,2,8:44 PM,7:53,,,SUB: Samanic FOR Aldridge,,,5,200746,LaMarcus Aldridge,1610612759.0,San Antonio,Spurs,SAS,5,1629677,Luka Samanic,1610612759.0,San Antonio,Spurs,SAS,0,0,,,,,,0
155,0022000495,218,3,12,2,8:44 PM,7:53,,,MISS Murray Free Throw 2 of 2,,,5,1627749,Dejounte Murray,1610612759.0,San Antonio,Spurs,SAS,0,0,,,,,,0,0,,,,,,1
156,0022000495,219,4,0,2,8:44 PM,7:50,Maledon REBOUND (Off:0 Def:2),,,,,4,1630177,Theo Maledon,1610612760.0,Oklahoma City,Thunder,OKC,0,0,,,,,,0,0,,,,,,1
157,0022000495,220,2,80,2,8:45 PM,7:37,MISS Gilgeous-Alexander 25' 3PT Step Back Jump Shot,,,,,4,1628983,Shai Gilgeous-Alexander,1610612760.0,Oklahoma City,Thunder,OKC,0,0,,,,,,0,0,,,,,,1
158,0022000495,221,4,0,2,8:45 PM,7:33,,,Murray REBOUND (Off:0 Def:5),,,5,1627749,Dejounte Murray,1610612759.0,San Antonio,Spurs,SAS,0,0,,,,,,0,0,,,,,,1
159,0022000495,222,2,1,2,8:45 PM,7:28,,,MISS Lyles 3PT Jump Shot,,,5,1626168,Trey Lyles,1610612759.0,San Antonio,Spurs,SAS,0,0,,,,,,0,0,,,,,,1
160,0022000495,223,4,0,2,8:45 PM,7:25,Gilgeous-Alexander REBOUND (Off:0 Def:3),,,,,4,1628983,Shai Gilgeous-Alexander,1610612760.0,Oklahoma City,Thunder,OKC,0,0,,,,,,0,0,,,,,,1
161,0022000495,224,2,80,2,8:46 PM,7:07,MISS Gilgeous-Alexander 25' 3PT Step Back Jump Shot,,,,,4,1628983,Shai Gilgeous-Alexander,1610612760.0,Oklahoma City,Thunder,OKC,0,0,,,,,,0,0,,,,,,1
162,0022000495,225,4,0,2,8:46 PM,7:03,,,Murray REBOUND (Off:0 Def:6),,,5,1627749,Dejounte Murray,1610612759.0,San Antonio,Spurs,SAS,0,0,,,,,,0,0,,,,,,1
163,0022000495,226,2,101,2,8:46 PM,6:55,,,MISS Murray 6' Driving Floating Jump Shot,,,5,1627749,Dejounte Murray,1610612759.0,San Antonio,Spurs,SAS,0,0,,,,,,0,0,,,,,,1
164,0022000495,227,4,0,2,8:46 PM,6:51,Muscala REBOUND (Off:0 Def:1),,,,,4,203488,Mike Muscala,1610612760.0,Oklahoma City,Thunder,OKC,0,0,,,,,,0,0,,,,,,1
165,0022000495,228,2,1,2,8:46 PM,6:41,MISS Muscala 26' 3PT Jump Shot,,,,,4,203488,Mike Muscala,1610612760.0,Oklahoma City,Thunder,OKC,0,0,,,,,,0,0,,,,,,1
166,0022000495,229,4,0,2,8:46 PM,6:38,,,Lyles REBOUND (Off:0 Def:3),,,5,1626168,Trey Lyles,1610612759.0,San Antonio,Spurs,SAS,0,0,,,,,,0,0,,,,,,1
167,0022000495,230,1,5,2,8:46 PM,6:30,,,Samanic 4' Layup (4 PTS),37 - 30,-7,5,1629677,Luka Samanic,1610612759.0,San Antonio,Spurs,SAS,0,0,,,,,,0,0,,,,,,1
168,0022000495,231,1,5,2,8:46 PM,6:17,Muscala 5' Layup (2 PTS),,,37 - 32,-5,4,203488,Mike Muscala,1610612760.0,Oklahoma City,Thunder,OKC,0,0,,,,,,0,0,,,,,,1
169,0022000495,232,2,79,2,8:47 PM,5:58,,,MISS Murray 15' Pullup Jump Shot,,,5,1627749,Dejounte Murray,1610612759.0,San Antonio,Spurs,SAS,0,0,,,,,,0,0,,,,,,1
170,0022000495,233,4,0,2,8:47 PM,5:55,Muscala REBOUND (Off:0 Def:2),,,,,4,203488,Mike Muscala,1610612760.0,Oklahoma City,Thunder,OKC,0,0,,,,,,0,0,,,,,,1
171,0022000495,234,1,6,2,8:47 PM,5:46,Gilgeous-Alexander 2' Driving Layup (13 PTS),,,37 - 34,-3,4,1628983,Shai Gilgeous-Alexander,1610612760.0,Oklahoma City,Thunder,OKC,0,0,,,,,,0,0,,,,,,1
172,0022000495,235,9,1,2,8:47 PM,5:46,,,Spurs Timeout: Regular (Reg.3 Short 0),,,3,1610612759,,,,,,0,0,,,,,,0,0,,,,,,0
173,0022000495,236,8,0,2,8:49 PM,5:46,SUB: Dort FOR Diallo,,,,,4,1628977,Hamidou Diallo,1610612760.0,Oklahoma City,Thunder,OKC,4,1629652,Luguentz Dort,1610612760.0,Oklahoma City,Thunder,OKC,0,0,,,,,,0
174,0022000495,237,8,0,2,8:49 PM,5:46,SUB: Horford FOR Muscala,,,,,4,203488,Mike Muscala,1610612760.0,Oklahoma City,Thunder,OKC,4,201143,Al Horford,1610612760.0,Oklahoma City,Thunder,OKC,0,0,,,,,,0
175,0022000495,240,2,1,2,8:50 PM,5:40,,,MISS Walker IV 15' Jump Shot,,,5,1629022,Lonnie Walker IV,1610612759.0,San Antonio,Spurs,SAS,0,0,,,,,,0,0,,,,,,1
176,0022000495,241,4,0,2,8:50 PM,5:36,,,Poeltl REBOUND (Off:1 Def:2),,,5,1627751,Jakob Poeltl,1610612759.0,San Antonio,Spurs,SAS,0,0,,,,,,0,0,,,,,,1
177,0022000495,242,2,72,2,8:50 PM,5:35,,,MISS Poeltl 1' Putback Layup,,,5,1627751,Jakob Poeltl,1610612759.0,San Antonio,Spurs,SAS,0,0,,,,,,0,0,,,,,,1
178,0022000495,243,4,0,2,8:50 PM,5:32,Horford REBOUND (Off:2 Def:2),,,,,4,201143,Al Horford,1610612760.0,Oklahoma City,Thunder,OKC,0,0,,,,,,0,0,,,,,,1
179,0022000495,244,2,2,2,8:50 PM,5:28,MISS Horford 25' 3PT Running Jump Shot,,,,,4,201143,Al Horford,1610612760.0,Oklahoma City,Thunder,OKC,0,0,,,,,,0,0,,,,,,1
180,0022000495,245,4,0,2,8:50 PM,5:25,,,Samanic REBOUND (Off:0 Def:3),,,5,1629677,Luka Samanic,1610612759.0,San Antonio,Spurs,SAS,0,0,,,,,,0,0,,,,,,1
181,0022000495,246,1,1,2,8:50 PM,5:11,,,Walker IV 26' 3PT Jump Shot (3 PTS) (Murray 1 AST),40 - 34,-6,5,1629022,Lonnie Walker IV,1610612759.0,San Antonio,Spurs,SAS,5,1627749,Dejounte Murray,1610612759.0,San Antonio,Spurs,SAS,0,0,,,,,,1
182,0022000495,248,1,75,2,8:51 PM,4:47,Horford 5' Driving Finger Roll Layup (4 PTS) (Maledon 1 AST),,,40 - 36,-4,4,201143,Al Horford,1610612760.0,Oklahoma City,Thunder,OKC,4,1630177,Theo Maledon,1610612760.0,Oklahoma City,Thunder,OKC,0,0,,,,,,1
183,0022000495,249,1,1,2,8:51 PM,4:33,,,Walker IV 26' 3PT Jump Shot (6 PTS) (Murray 2 AST),43 - 36,-7,5,1629022,Lonnie Walker IV,1610612759.0,San Antonio,Spurs,SAS,5,1627749,Dejounte Murray,1610612759.0,San Antonio,Spurs,SAS,0,0,,,,,,1
184,0022000495,251,6,2,2,8:51 PM,4:12,,,Lyles S.FOUL (P1.T1) (R.Acosta),,,5,1626168,Trey Lyles,1610612759.0,San Antonio,Spurs,SAS,4,1628983,Shai Gilgeous-Alexander,1610612760.0,Oklahoma City,Thunder,OKC,1,0,,,,,,1
185,0022000495,255,3,11,2,8:52 PM,4:12,Gilgeous-Alexander Free Throw 1 of 2 (14 PTS),,,43 - 37,-6,4,1628983,Shai Gilgeous-Alexander,1610612760.0,Oklahoma City,Thunder,OKC,0,0,,,,,,0,0,,,,,,1
186,0022000495,256,8,0,2,8:52 PM,4:12,,,SUB: Aldridge FOR Samanic,,,5,1629677,Luka Samanic,1610612759.0,San Antonio,Spurs,SAS,5,200746,LaMarcus Aldridge,1610612759.0,San Antonio,Spurs,SAS,0,0,,,,,,0
187,0022000495,257,8,0,2,8:52 PM,4:12,,,SUB: Mills FOR Lyles,,,5,1626168,Trey Lyles,1610612759.0,San Antonio,Spurs,SAS,5,201988,Patty Mills,1610612759.0,San Antonio,Spurs,SAS,0,0,,,,,,0
188,0022000495,260,3,12,2,8:52 PM,4:12,Gilgeous-Alexander Free Throw 2 of 2 (15 PTS),,,43 - 38,-5,4,1628983,Shai Gilgeous-Alexander,1610612760.0,Oklahoma City,Thunder,OKC,0,0,,,,,,0,0,,,,,,1
189,0022000495,261,2,1,2,8:52 PM,3:56,,,MISS Aldridge 3PT Jump Shot,,,5,200746,LaMarcus Aldridge,1610612759.0,San Antonio,Spurs,SAS,0,0,,,,,,0,0,,,,,,1
190,0022000495,262,4,0,2,8:52 PM,3:52,Gilgeous-Alexander REBOUND (Off:0 Def:4),,,,,4,1628983,Shai Gilgeous-Alexander,1610612760.0,Oklahoma City,Thunder,OKC,0,0,,,,,,0,0,,,,,,1
191,0022000495,263,1,41,2,8:53 PM,3:48,Gilgeous-Alexander 2' Running Layup (17 PTS),,,43 - 40,-3,4,1628983,Shai Gilgeous-Alexander,1610612760.0,Oklahoma City,Thunder,OKC,0,0,,,,,,0,0,,,,,,1
192,0022000495,264,2,79,2,8:53 PM,3:23,,,MISS Murray 17' Pullup Jump Shot,,,5,1627749,Dejounte Murray,1610612759.0,San Antonio,Spurs,SAS,0,0,,,,,,0,0,,,,,,1
193,0022000495,265,4,0,2,8:53 PM,3:20,Bazley REBOUND (Off:3 Def:2),,,,,4,1629647,Darius Bazley,1610612760.0,Oklahoma City,Thunder,OKC,0,0,,,,,,0,0,,,,,,1
194,0022000495,266,2,6,2,8:53 PM,3:10,MISS Bazley 4' Driving Layup,,,,,4,1629647,Darius Bazley,1610612760.0,Oklahoma City,Thunder,OKC,0,0,,,,,,0,0,,,,,,1
195,0022000495,267,4,0,2,8:53 PM,3:09,,,Murray REBOUND (Off:0 Def:7),,,5,1627749,Dejounte Murray,1610612759.0,San Antonio,Spurs,SAS,0,0,,,,,,0,0,,,,,,1
196,0022000495,268,2,93,2,8:53 PM,3:05,,,MISS Walker IV 6' Driving Bank Hook Shot,,,5,1629022,Lonnie Walker IV,1610612759.0,San Antonio,Spurs,SAS,0,0,,,,,,0,0,,,,,,1
197,0022000495,269,4,0,2,8:53 PM,3:03,Gilgeous-Alexander REBOUND (Off:0 Def:5),,,,,4,1628983,Shai Gilgeous-Alexander,1610612760.0,Oklahoma City,Thunder,OKC,0,0,,,,,,0,0,,,,,,1
198,0022000495,270,5,45,2,8:53 PM,2:57,Bazley Out of Bounds - Bad Pass Turnover Turnover (P1.T5),,,,,4,1629647,Darius Bazley,1610612760.0,Oklahoma City,Thunder,OKC,0,0,,,,,,1,0,,,,,,1
199,0022000495,271,8,0,2,8:54 PM,2:57,,,SUB: Jones FOR Murray,,,5,1627749,Dejounte Murray,1610612759.0,San Antonio,Spurs,SAS,5,1630200,Tre Jones,1610612759.0,San Antonio,Spurs,SAS,0,0,,,,,,0
200,0022000495,273,1,79,2,8:54 PM,2:46,,,Walker IV 20' Pullup Jump Shot (8 PTS),45 - 40,-5,5,1629022,Lonnie Walker IV,1610612759.0,San Antonio,Spurs,SAS,0,0,,,,,,0,0,,,,,,1
201,0022000495,274,2,6,2,8:54 PM,2:30,MISS Horford 3' Driving Layup,,,,,4,201143,Al Horford,1610612760.0,Oklahoma City,Thunder,OKC,0,0,,,,,,0,0,,,,,,1
202,0022000495,275,4,0,2,8:54 PM,2:26,,,Poeltl REBOUND (Off:1 Def:3),,,5,1627751,Jakob Poeltl,1610612759.0,San Antonio,Spurs,SAS,0,0,,,,,,0,0,,,,,,1
203,0022000495,276,2,80,2,8:54 PM,2:11,,,MISS Walker IV 25' 3PT Step Back Jump Shot,,,5,1629022,Lonnie Walker IV,1610612759.0,San Antonio,Spurs,SAS,0,0,,,,,,0,0,,,,,,1
204,0022000495,277,4,0,2,8:54 PM,2:08,Dort REBOUND (Off:1 Def:2),,,,,4,1629652,Luguentz Dort,1610612760.0,Oklahoma City,Thunder,OKC,0,0,,,,,,0,0,,,,,,1
205,0022000495,278,2,1,2,8:55 PM,2:00,MISS Bazley 28' 3PT Jump Shot,,,,,4,1629647,Darius Bazley,1610612760.0,Oklahoma City,Thunder,OKC,0,0,,,,,,0,0,,,,,,1
206,0022000495,280,4,0,2,8:55 PM,1:57,,,Walker IV REBOUND (Off:0 Def:2),,,5,1629022,Lonnie Walker IV,1610612759.0,San Antonio,Spurs,SAS,0,0,,,,,,0,0,,,,,,1
207,0022000495,281,2,79,2,8:55 PM,1:49,,,MISS Walker IV 17' Pullup Jump Shot,,,5,1629022,Lonnie Walker IV,1610612759.0,San Antonio,Spurs,SAS,0,0,,,,,,0,0,,,,,,1
208,0022000495,282,4,0,2,8:55 PM,1:46,Bazley REBOUND (Off:3 Def:3),,,,,4,1629647,Darius Bazley,1610612760.0,Oklahoma City,Thunder,OKC,0,0,,,,,,0,0,,,,,,1
209,0022000495,283,2,1,2,8:55 PM,1:26,MISS Horford 25' 3PT Jump Shot,,,,,4,201143,Al Horford,1610612760.0,Oklahoma City,Thunder,OKC,0,0,,,,,,0,0,,,,,,1
210,0022000495,284,4,0,2,8:55 PM,1:23,,,Walker IV REBOUND (Off:0 Def:3),,,5,1629022,Lonnie Walker IV,1610612759.0,San Antonio,Spurs,SAS,0,0,,,,,,0,0,,,,,,1
211,0022000495,285,2,80,2,8:56 PM,1:01,,,MISS Aldridge 14' Step Back Jump Shot,,,5,200746,LaMarcus Aldridge,1610612759.0,San Antonio,Spurs,SAS,0,0,,,,,,0,0,,,,,,1
212,0022000495,286,4,0,2,8:56 PM,0:58,Bazley REBOUND (Off:3 Def:4),,,,,4,1629647,Darius Bazley,1610612760.0,Oklahoma City,Thunder,OKC,0,0,,,,,,0,0,,,,,,1
213,0022000495,288,5,1,2,8:56 PM,0:45,Gilgeous-Alexander Bad Pass Turnover (P1.T6),,Aldridge STEAL (1 STL),,,4,1628983,Shai Gilgeous-Alexander,1610612760.0,Oklahoma City,Thunder,OKC,5,200746,LaMarcus Aldridge,1610612759.0,San Antonio,Spurs,SAS,0,0,,,,,,1
214,0022000495,290,5,40,2,8:57 PM,0:31,,,Mills Out of Bounds Lost Ball Turnover (P1.T5),,,5,201988,Patty Mills,1610612759.0,San Antonio,Spurs,SAS,0,0,,,,,,1,0,,,,,,1
215,0022000495,291,6,1,2,8:57 PM,0:23,,,Jones P.FOUL (P1.T2) (Z.Zarba),,,5,1630200,Tre Jones,1610612759.0,San Antonio,Spurs,SAS,4,1629647,Darius Bazley,1610612760.0,Oklahoma City,Thunder,OKC,1,0,,,,,,1
216,0022000495,293,5,40,2,8:57 PM,0:21,Gilgeous-Alexander Out of Bounds Lost Ball Turnover (P2.T7),,,,,4,1628983,Shai Gilgeous-Alexander,1610612760.0,Oklahoma City,Thunder,OKC,0,0,,,,,,1,0,,,,,,1
217,0022000495,294,6,1,2,8:58 PM,0:14,Maledon P.FOUL (P1.T4) (R.Acosta),,,,,4,1630177,Theo Maledon,1610612760.0,Oklahoma City,Thunder,OKC,5,1630200,Tre Jones,1610612759.0,San Antonio,Spurs,SAS,1,0,,,,,,1
218,0022000495,296,8,0,2,8:58 PM,0:14,,,SUB: Murray FOR Jones,,,5,1630200,Tre Jones,1610612759.0,San Antonio,Spurs,SAS,5,1627749,Dejounte Murray,1610612759.0,San Antonio,Spurs,SAS,0,0,,,,,,0
219,0022000495,298,2,80,2,8:58 PM,0:00,,,MISS Walker IV 27' 3PT Step Back Jump Shot,,,5,1629022,Lonnie Walker IV,1610612759.0,San Antonio,Spurs,SAS,0,0,,,,,,0,0,,,,,,1
220,0022000495,299,4,0,2,8:58 PM,0:00,,,Spurs Rebound,,,3,1610612759,,,,,,0,0,,,,,,0,0,,,,,,0
221,0022000495,300,13,0,2,8:58 PM,0:00,,End of 2nd Period (8:58 PM EST),,45 - 40,-5,0,0,,,,,,0,0,,,,,,0,0,,,,,,1
222,0022000495,306,12,0,3,9:14 PM,12:00,,Start of 3rd Period (9:14 PM EST),,45 - 40,-5,0,0,,,,,,0,0,,,,,,0,0,,,,,,0
223,0022000495,307,2,78,3,9:14 PM,11:47,,,MISS Poeltl 10' Floating Jump Shot,,,5,1627751,Jakob Poeltl,1610612759.0,San Antonio,Spurs,SAS,0,0,,,,,,0,0,,,,,,1
224,0022000495,308,4,0,3,9:14 PM,11:43,Horford REBOUND (Off:2 Def:3),,,,,4,201143,Al Horford,1610612760.0,Oklahoma City,Thunder,OKC,0,0,,,,,,0,0,,,,,,1
225,0022000495,309,5,1,3,9:14 PM,11:28,Bazley Bad Pass Turnover (P2.T8),,Walker IV STEAL (1 STL),,,4,1629647,Darius Bazley,1610612760.0,Oklahoma City,Thunder,OKC,5,1629022,Lonnie Walker IV,1610612759.0,San Antonio,Spurs,SAS,0,0,,,,,,1
226,0022000495,311,1,6,3,9:14 PM,11:15,,,Murray 4' Driving Layup (13 PTS) (Lyles 1 AST),47 - 40,-7,5,1627749,Dejounte Murray,1610612759.0,San Antonio,Spurs,SAS,5,1626168,Trey Lyles,1610612759.0,San Antonio,Spurs,SAS,0,0,,,,,,1
227,0022000495,313,1,5,3,9:15 PM,10:57,Horford 2' Layup (6 PTS) (Gilgeous-Alexander 1 AST),,,47 - 42,-5,4,201143,Al Horford,1610612760.0,Oklahoma City,Thunder,OKC,4,1628983,Shai Gilgeous-Alexander,1610612760.0,Oklahoma City,Thunder,OKC,0,0,,,,,,1
228,0022000495,315,1,98,3,9:15 PM,10:46,,,Murray 2' Cutting Layup Shot (15 PTS) (Poeltl 2 AST),49 - 42,-7,5,1627749,Dejounte Murray,1610612759.0,San Antonio,Spurs,SAS,5,1627751,Jakob Poeltl,1610612759.0,San Antonio,Spurs,SAS,0,0,,,,,,1
229,0022000495,317,9,1,3,9:15 PM,10:46,THUNDER Timeout: Regular (Full 3 Short 0),,,,,2,1610612760,,,,,,0,0,,,,,,0,0,,,,,,0
230,0022000495,318,6,1,3,9:18 PM,10:38,,,Samanic P.FOUL (P1.T1) (Z.Zarba),,,5,1629677,Luka Samanic,1610612759.0,San Antonio,Spurs,SAS,4,1629652,Luguentz Dort,1610612760.0,Oklahoma City,Thunder,OKC,1,0,,,,,,1
231,0022000495,320,5,1,3,9:18 PM,10:27,Gilgeous-Alexander Bad Pass Turnover (P3.T9),,Lyles STEAL (1 STL),,,4,1628983,Shai Gilgeous-Alexander,1610612760.0,Oklahoma City,Thunder,OKC,5,1626168,Trey Lyles,1610612759.0,San Antonio,Spurs,SAS,0,0,,,,,,1
232,0022000495,322,2,1,3,9:18 PM,10:21,,,MISS Lyles 25' 3PT Jump Shot,,,5,1626168,Trey Lyles,1610612759.0,San Antonio,Spurs,SAS,0,0,,,,,,0,0,,,,,,1
233,0022000495,323,4,0,3,9:18 PM,10:19,,,Poeltl REBOUND (Off:2 Def:3),,,5,1627751,Jakob Poeltl,1610612759.0,San Antonio,Spurs,SAS,0,0,,,,,,0,0,,,,,,1
234,0022000495,324,1,97,3,9:18 PM,10:19,,,Poeltl Tip Layup Shot (2 PTS),51 - 42,-9,5,1627751,Jakob Poeltl,1610612759.0,San Antonio,Spurs,SAS,0,0,,,,,,0,0,,,,,,1
235,0022000495,325,2,101,3,9:19 PM,10:03,MISS Dort 4' Driving Floating Jump Shot,,,,,4,1629652,Luguentz Dort,1610612760.0,Oklahoma City,Thunder,OKC,0,0,,,,,,0,0,,,,,,1
236,0022000495,326,4,0,3,9:19 PM,10:03,,,Spurs Rebound,,,3,1610612759,,,,,,0,0,,,,,,0,0,,,,,,1
237,0022000495,327,10,0,3,9:19 PM,10:00,Jump Ball Horford vs. Poeltl: Tip to Lyles,,,,,4,201143,Al Horford,1610612760.0,Oklahoma City,Thunder,OKC,5,1627751,Jakob Poeltl,1610612759.0,San Antonio,Spurs,SAS,5,1626168,Trey Lyles,1610612759.0,San Antonio,Spurs,SAS,1
238,0022000495,332,2,102,3,9:20 PM,9:49,,,MISS Walker IV 8' Driving Floating Bank Jump Shot,,,5,1629022,Lonnie Walker IV,1610612759.0,San Antonio,Spurs,SAS,0,0,,,,,,0,0,,,,,,1
239,0022000495,333,4,0,3,9:20 PM,9:47,Bazley REBOUND (Off:3 Def:5),,,,,4,1629647,Darius Bazley,1610612760.0,Oklahoma City,Thunder,OKC,0,0,,,,,,0,0,,,,,,1
240,0022000495,334,2,1,3,9:20 PM,9:41,MISS Maledon 24' 3PT Jump Shot,,,,,4,1630177,Theo Maledon,1610612760.0,Oklahoma City,Thunder,OKC,0,0,,,,,,0,0,,,,,,1
241,0022000495,335,4,0,3,9:20 PM,9:37,,,Lyles REBOUND (Off:0 Def:4),,,5,1626168,Trey Lyles,1610612759.0,San Antonio,Spurs,SAS,0,0,,,,,,0,0,,,,,,1
242,0022000495,336,1,101,3,9:20 PM,9:30,,,Murray 10' Driving Floating Jump Shot (17 PTS),53 - 42,-11,5,1627749,Dejounte Murray,1610612759.0,San Antonio,Spurs,SAS,0,0,,,,,,0,0,,,,,,1
243,0022000495,337,6,2,3,9:20 PM,9:19,,,Walker IV S.FOUL (P1.T2) (Z.Zarba),,,5,1629022,Lonnie Walker IV,1610612759.0,San Antonio,Spurs,SAS,4,1628983,Shai Gilgeous-Alexander,1610612760.0,Oklahoma City,Thunder,OKC,1,0,,,,,,1
244,0022000495,339,3,11,3,9:20 PM,9:19,Gilgeous-Alexander Free Throw 1 of 2 (18 PTS),,,53 - 43,-10,4,1628983,Shai Gilgeous-Alexander,1610612760.0,Oklahoma City,Thunder,OKC,0,0,,,,,,0,0,,,,,,1
245,0022000495,340,3,12,3,9:21 PM,9:19,Gilgeous-Alexander Free Throw 2 of 2 (19 PTS),,,53 - 44,-9,4,1628983,Shai Gilgeous-Alexander,1610612760.0,Oklahoma City,Thunder,OKC,0,0,,,,,,0,0,,,,,,1
246,0022000495,341,2,1,3,9:21 PM,9:05,,,MISS Samanic 25' 3PT Jump Shot,,,5,1629677,Luka Samanic,1610612759.0,San Antonio,Spurs,SAS,0,0,,,,,,0,0,,,,,,1
247,0022000495,342,4,0,3,9:21 PM,9:02,Dort REBOUND (Off:1 Def:3),,,,,4,1629652,Luguentz Dort,1610612760.0,Oklahoma City,Thunder,OKC,0,0,,,,,,0,0,,,,,,1
248,0022000495,343,1,1,3,9:21 PM,8:54,Dort 25' 3PT Jump Shot (7 PTS) (Horford 4 AST),,,53 - 47,-6,4,1629652,Luguentz Dort,1610612760.0,Oklahoma City,Thunder,OKC,4,201143,Al Horford,1610612760.0,Oklahoma City,Thunder,OKC,0,0,,,,,,1
249,0022000495,345,2,79,3,9:22 PM,8:33,,,MISS Murray 18' Pullup Jump Shot,,,5,1627749,Dejounte Murray,1610612759.0,San Antonio,Spurs,SAS,0,0,,,,,,0,0,,,,,,1
250,0022000495,346,4,0,3,9:22 PM,8:30,Gilgeous-Alexander REBOUND (Off:0 Def:6),,,,,4,1628983,Shai Gilgeous-Alexander,1610612760.0,Oklahoma City,Thunder,OKC,0,0,,,,,,0,0,,,,,,1
251,0022000495,347,1,79,3,9:22 PM,8:26,Gilgeous-Alexander 25' 3PT Pullup Jump Shot (22 PTS),,,53 - 50,-3,4,1628983,Shai Gilgeous-Alexander,1610612760.0,Oklahoma City,Thunder,OKC,0,0,,,,,,0,0,,,,,,1
252,0022000495,348,6,2,3,9:22 PM,8:26,,,Walker IV S.FOUL (P2.T3) (Z.Zarba),,,5,1629022,Lonnie Walker IV,1610612759.0,San Antonio,Spurs,SAS,4,1628983,Shai Gilgeous-Alexander,1610612760.0,Oklahoma City,Thunder,OKC,1,0,,,,,,1
253,0022000495,350,3,10,3,9:22 PM,8:26,Gilgeous-Alexander Free Throw 1 of 1 (23 PTS),,,53 - 51,-2,4,1628983,Shai Gilgeous-Alexander,1610612760.0,Oklahoma City,Thunder,OKC,0,0,,,,,,0,0,,,,,,0
254,0022000495,351,9,1,3,9:22 PM,8:20,,,Spurs Timeout: Regular (Reg.4 Short 0),,,3,1610612759,,,,,,0,0,,,,,,0,0,,,,,,0
255,0022000495,352,1,75,3,9:25 PM,8:04,,,Murray 6' Driving Finger Roll Layup (19 PTS),55 - 51,-4,5,1627749,Dejounte Murray,1610612759.0,San Antonio,Spurs,SAS,0,0,,,,,,0,0,,,,,,1
256,0022000495,353,6,2,3,9:26 PM,7:53,,,Walker IV S.FOUL (P3.T4) (J.Goble),,,5,1629022,Lonnie Walker IV,1610612759.0,San Antonio,Spurs,SAS,4,1628983,Shai Gilgeous-Alexander,1610612760.0,Oklahoma City,Thunder,OKC,1,0,,,,,,1
257,0022000495,355,3,11,3,9:26 PM,7:53,Gilgeous-Alexander Free Throw 1 of 2 (24 PTS),,,55 - 52,-3,4,1628983,Shai Gilgeous-Alexander,1610612760.0,Oklahoma City,Thunder,OKC,0,0,,,,,,0,0,,,,,,1
258,0022000495,356,3,12,3,9:26 PM,7:53,Gilgeous-Alexander Free Throw 2 of 2 (25 PTS),,,55 - 53,-2,4,1628983,Shai Gilgeous-Alexander,1610612760.0,Oklahoma City,Thunder,OKC,0,0,,,,,,0,0,,,,,,1
259,0022000495,357,6,2,3,9:26 PM,7:39,Horford S.FOUL (P1.T1) (Z.Zarba),,,,,4,201143,Al Horford,1610612760.0,Oklahoma City,Thunder,OKC,5,1626168,Trey Lyles,1610612759.0,San Antonio,Spurs,SAS,1,0,,,,,,1
260,0022000495,359,3,11,3,9:27 PM,7:39,,,Lyles Free Throw 1 of 2 (3 PTS),56 - 53,-3,5,1626168,Trey Lyles,1610612759.0,San Antonio,Spurs,SAS,0,0,,,,,,0,0,,,,,,1
261,0022000495,360,3,12,3,9:27 PM,7:39,,,MISS Lyles Free Throw 2 of 2,,,5,1626168,Trey Lyles,1610612759.0,San Antonio,Spurs,SAS,0,0,,,,,,0,0,,,,,,1
262,0022000495,361,4,0,3,9:27 PM,7:37,,,Samanic REBOUND (Off:1 Def:3),,,5,1629677,Luka Samanic,1610612759.0,San Antonio,Spurs,SAS,0,0,,,,,,0,0,,,,,,1
263,0022000495,362,1,5,3,9:27 PM,7:30,,,Poeltl 5' Layup (4 PTS) (Murray 3 AST),58 - 53,-5,5,1627751,Jakob Poeltl,1610612759.0,San Antonio,Spurs,SAS,5,1627749,Dejounte Murray,1610612759.0,San Antonio,Spurs,SAS,0,0,,,,,,1
264,0022000495,364,2,101,3,9:28 PM,7:11,MISS Dort 5' Driving Floating Jump Shot,,,,,4,1629652,Luguentz Dort,1610612760.0,Oklahoma City,Thunder,OKC,0,0,,,,,,0,0,,,,,,1
265,0022000495,365,4,0,3,9:28 PM,7:09,,,Poeltl REBOUND (Off:2 Def:4),,,5,1627751,Jakob Poeltl,1610612759.0,San Antonio,Spurs,SAS,0,0,,,,,,0,0,,,,,,1
266,0022000495,366,1,105,3,9:28 PM,7:00,,,Lyles 5' Turnaround Fadeaway Bank Jump Shot (5 PTS),60 - 53,-7,5,1626168,Trey Lyles,1610612759.0,San Antonio,Spurs,SAS,0,0,,,,,,0,0,,,,,,1
267,0022000495,367,1,1,3,9:28 PM,6:44,Horford 25' 3PT Jump Shot (9 PTS) (Gilgeous-Alexander 2 AST),,,60 - 56,-4,4,201143,Al Horford,1610612760.0,Oklahoma City,Thunder,OKC,4,1628983,Shai Gilgeous-Alexander,1610612760.0,Oklahoma City,Thunder,OKC,0,0,,,,,,1
268,0022000495,369,1,101,3,9:28 PM,6:32,,,Murray 5' Driving Floating Jump Shot (21 PTS),62 - 56,-6,5,1627749,Dejounte Murray,1610612759.0,San Antonio,Spurs,SAS,0,0,,,,,,0,0,,,,,,1
269,0022000495,370,1,80,3,9:29 PM,6:21,Horford 17' Step Back Jump Shot (11 PTS),,,62 - 58,-4,4,201143,Al Horford,1610612760.0,Oklahoma City,Thunder,OKC,0,0,,,,,,0,0,,,,,,1
270,0022000495,371,5,39,3,9:29 PM,6:06,,,Lyles Step Out of Bounds Turnover (P1.T6),,,5,1626168,Trey Lyles,1610612759.0,San Antonio,Spurs,SAS,0,0,,,,,,1,0,,,,,,1
271,0022000495,372,6,2,3,9:29 PM,5:57,,,Murray S.FOUL (P3.PN) (Z.Zarba),,,5,1627749,Dejounte Murray,1610612759.0,San Antonio,Spurs,SAS,4,1628983,Shai Gilgeous-Alexander,1610612760.0,Oklahoma City,Thunder,OKC,1,0,,,,,,1
272,0022000495,374,3,11,3,9:30 PM,5:57,Gilgeous-Alexander Free Throw 1 of 2 (26 PTS),,,62 - 59,-3,4,1628983,Shai Gilgeous-Alexander,1610612760.0,Oklahoma City,Thunder,OKC,0,0,,,,,,0,0,,,,,,1
273,0022000495,375,8,0,3,9:30 PM,5:57,,,SUB: Mills FOR Murray,,,5,1627749,Dejounte Murray,1610612759.0,San Antonio,Spurs,SAS,5,201988,Patty Mills,1610612759.0,San Antonio,Spurs,SAS,0,0,,,,,,0
274,0022000495,377,3,12,3,9:30 PM,5:57,MISS Gilgeous-Alexander Free Throw 2 of 2,,,,,4,1628983,Shai Gilgeous-Alexander,1610612760.0,Oklahoma City,Thunder,OKC,0,0,,,,,,0,0,,,,,,1
275,0022000495,378,4,0,3,9:30 PM,5:55,,,Poeltl REBOUND (Off:2 Def:5),,,5,1627751,Jakob Poeltl,1610612759.0,San Antonio,Spurs,SAS,0,0,,,,,,0,0,,,,,,1
276,0022000495,379,1,1,3,9:30 PM,5:39,,,Lyles 25' 3PT Jump Shot (8 PTS) (Walker IV 1 AST),65 - 59,-6,5,1626168,Trey Lyles,1610612759.0,San Antonio,Spurs,SAS,5,1629022,Lonnie Walker IV,1610612759.0,San Antonio,Spurs,SAS,0,0,,,,,,1
277,0022000495,381,1,1,3,9:31 PM,5:13,Gilgeous-Alexander 27' 3PT Jump Shot (29 PTS) (Horford 5 AST),,,65 - 62,-3,4,1628983,Shai Gilgeous-Alexander,1610612760.0,Oklahoma City,Thunder,OKC,4,201143,Al Horford,1610612760.0,Oklahoma City,Thunder,OKC,0,0,,,,,,1
278,0022000495,383,2,79,3,9:31 PM,4:47,Gilgeous-Alexander BLOCK (1 BLK),,MISS Walker IV 19' Pullup Jump Shot,,,5,1629022,Lonnie Walker IV,1610612759.0,San Antonio,Spurs,SAS,0,0,,,,,,4,1628983,Shai Gilgeous-Alexander,1610612760.0,Oklahoma City,Thunder,OKC,1
279,0022000495,385,4,0,3,9:31 PM,4:47,,,Spurs Rebound,,,3,1610612759,,,,,,0,0,,,,,,0,0,,,,,,0
280,0022000495,387,8,0,3,9:31 PM,4:47,SUB: Williams FOR Bazley,,,,,4,1629647,Darius Bazley,1610612760.0,Oklahoma City,Thunder,OKC,4,1629026,Kenrich Williams,1610612760.0,Oklahoma City,Thunder,OKC,0,0,,,,,,0
281,0022000495,388,8,0,3,9:31 PM,4:47,SUB: Roby FOR Maledon,,,,,4,1630177,Theo Maledon,1610612760.0,Oklahoma City,Thunder,OKC,4,1629676,Isaiah Roby,1610612760.0,Oklahoma City,Thunder,OKC,0,0,,,,,,0
282,0022000495,389,8,0,3,9:31 PM,4:47,,,SUB: Aldridge FOR Samanic,,,5,1629677,Luka Samanic,1610612759.0,San Antonio,Spurs,SAS,5,200746,LaMarcus Aldridge,1610612759.0,San Antonio,Spurs,SAS,0,0,,,,,,0
283,0022000495,393,5,11,3,9:32 PM,4:44,,,Spurs Turnover: Shot Clock (T#7),,,3,1610612759,,,,,,0,0,,,,,,1,0,,,,,,0
284,0022000495,394,1,79,3,9:32 PM,4:35,Gilgeous-Alexander 25' 3PT Pullup Jump Shot (32 PTS),,,65 - 65,TIE,4,1628983,Shai Gilgeous-Alexander,1610612760.0,Oklahoma City,Thunder,OKC,0,0,,,,,,0,0,,,,,,1
285,0022000495,395,2,79,3,9:32 PM,4:23,,,MISS Mills 26' 3PT Pullup Jump Shot,,,5,201988,Patty Mills,1610612759.0,San Antonio,Spurs,SAS,0,0,,,,,,0,0,,,,,,1
286,0022000495,396,4,0,3,9:32 PM,4:21,,,Poeltl REBOUND (Off:3 Def:5),,,5,1627751,Jakob Poeltl,1610612759.0,San Antonio,Spurs,SAS,0,0,,,,,,0,0,,,,,,1
287,0022000495,397,1,97,3,9:32 PM,4:21,,,Poeltl Tip Layup Shot (6 PTS),67 - 65,-2,5,1627751,Jakob Poeltl,1610612759.0,San Antonio,Spurs,SAS,0,0,,,,,,0,0,,,,,,1
288,0022000495,398,6,2,3,9:32 PM,4:21,Roby S.FOUL (P3.T2) (Z.Zarba),,,,,4,1629676,Isaiah Roby,1610612760.0,Oklahoma City,Thunder,OKC,5,1627751,Jakob Poeltl,1610612759.0,San Antonio,Spurs,SAS,1,0,,,,,,1
289,0022000495,400,8,0,3,9:32 PM,4:21,,,SUB: Jones FOR Walker IV,,,5,1629022,Lonnie Walker IV,1610612759.0,San Antonio,Spurs,SAS,5,1630200,Tre Jones,1610612759.0,San Antonio,Spurs,SAS,0,0,,,,,,0
290,0022000495,401,8,0,3,9:32 PM,4:21,,,SUB: Bates-Diop FOR Lyles,,,5,1626168,Trey Lyles,1610612759.0,San Antonio,Spurs,SAS,5,1628966,Keita Bates-Diop,1610612759.0,San Antonio,Spurs,SAS,0,0,,,,,,0
291,0022000495,404,3,10,3,9:33 PM,4:21,,,MISS Poeltl Free Throw 1 of 1,,,5,1627751,Jakob Poeltl,1610612759.0,San Antonio,Spurs,SAS,0,0,,,,,,0,0,,,,,,1
292,0022000495,405,4,0,3,9:33 PM,4:19,Roby REBOUND (Off:0 Def:2),,,,,4,1629676,Isaiah Roby,1610612760.0,Oklahoma City,Thunder,OKC,0,0,,,,,,0,0,,,,,,1
293,0022000495,406,2,86,3,9:33 PM,3:59,MISS Horford 8' Turnaround Fadeaway Shot,,Poeltl BLOCK (1 BLK),,,4,201143,Al Horford,1610612760.0,Oklahoma City,Thunder,OKC,0,0,,,,,,5,1627751,Jakob Poeltl,1610612759.0,San Antonio,Spurs,SAS,1
294,0022000495,408,4,0,3,9:33 PM,3:54,Horford REBOUND (Off:3 Def:3),,,,,4,201143,Al Horford,1610612760.0,Oklahoma City,Thunder,OKC,0,0,,,,,,0,0,,,,,,1
295,0022000495,409,2,9,3,9:33 PM,3:53,MISS Horford 1' Driving Dunk,,,,,4,201143,Al Horford,1610612760.0,Oklahoma City,Thunder,OKC,0,0,,,,,,0,0,,,,,,1
296,0022000495,410,4,0,3,9:33 PM,3:52,,,Aldridge REBOUND (Off:0 Def:4),,,5,200746,LaMarcus Aldridge,1610612759.0,San Antonio,Spurs,SAS,0,0,,,,,,0,0,,,,,,1
297,0022000495,411,6,1,3,9:33 PM,3:41,Roby P.FOUL (P4.T3) (J.Goble),,,,,4,1629676,Isaiah Roby,1610612760.0,Oklahoma City,Thunder,OKC,5,200746,LaMarcus Aldridge,1610612759.0,San Antonio,Spurs,SAS,1,0,,,,,,1
298,0022000495,413,8,0,3,9:33 PM,3:41,SUB: Muscala FOR Horford,,,,,4,201143,Al Horford,1610612760.0,Oklahoma City,Thunder,OKC,4,203488,Mike Muscala,1610612760.0,Oklahoma City,Thunder,OKC,0,0,,,,,,0
299,0022000495,415,2,80,3,9:34 PM,3:31,,,MISS Mills 25' 3PT Step Back Jump Shot,,,5,201988,Patty Mills,1610612759.0,San Antonio,Spurs,SAS,0,0,,,,,,0,0,,,,,,1
300,0022000495,416,4,0,3,9:34 PM,3:27,Roby REBOUND (Off:0 Def:3),,,,,4,1629676,Isaiah Roby,1610612760.0,Oklahoma City,Thunder,OKC,0,0,,,,,,0,0,,,,,,1
301,0022000495,417,2,41,3,9:34 PM,3:21,MISS Dort 1' Running Layup,,Poeltl BLOCK (2 BLK),,,4,1629652,Luguentz Dort,1610612760.0,Oklahoma City,Thunder,OKC,0,0,,,,,,5,1627751,Jakob Poeltl,1610612759.0,San Antonio,Spurs,SAS,1
302,0022000495,419,4,0,3,9:34 PM,3:19,,,Aldridge REBOUND (Off:0 Def:5),,,5,200746,LaMarcus Aldridge,1610612759.0,San Antonio,Spurs,SAS,0,0,,,,,,0,0,,,,,,1
303,0022000495,420,6,2,3,9:34 PM,3:03,Williams S.FOUL (P1.T4) (R.Acosta),,,,,4,1629026,Kenrich Williams,1610612760.0,Oklahoma City,Thunder,OKC,5,1627751,Jakob Poeltl,1610612759.0,San Antonio,Spurs,SAS,1,0,,,,,,1
304,0022000495,422,3,11,3,9:35 PM,3:03,,,Poeltl Free Throw 1 of 2 (7 PTS),68 - 65,-3,5,1627751,Jakob Poeltl,1610612759.0,San Antonio,Spurs,SAS,0,0,,,,,,0,0,,,,,,1
305,0022000495,423,3,12,3,9:35 PM,3:03,,,MISS Poeltl Free Throw 2 of 2,,,5,1627751,Jakob Poeltl,1610612759.0,San Antonio,Spurs,SAS,0,0,,,,,,0,0,,,,,,1
306,0022000495,424,4,0,3,9:35 PM,3:00,Gilgeous-Alexander REBOUND (Off:0 Def:7),,,,,4,1628983,Shai Gilgeous-Alexander,1610612760.0,Oklahoma City,Thunder,OKC,0,0,,,,,,0,0,,,,,,1
307,0022000495,425,1,76,3,9:35 PM,2:55,Gilgeous-Alexander 5' Running Finger Roll Layup (34 PTS),,,68 - 67,-1,4,1628983,Shai Gilgeous-Alexander,1610612760.0,Oklahoma City,Thunder,OKC,0,0,,,,,,0,0,,,,,,1
308,0022000495,426,1,9,3,9:35 PM,2:36,,,Aldridge Driving Dunk (10 PTS),70 - 67,-3,5,200746,LaMarcus Aldridge,1610612759.0,San Antonio,Spurs,SAS,0,0,,,,,,0,0,,,,,,1
309,0022000495,427,2,1,3,9:36 PM,2:16,MISS Muscala 25' 3PT Jump Shot,,,,,4,203488,Mike Muscala,1610612760.0,Oklahoma City,Thunder,OKC,0,0,,,,,,0,0,,,,,,1
310,0022000495,428,4,0,3,9:36 PM,2:13,Roby REBOUND (Off:1 Def:3),,,,,4,1629676,Isaiah Roby,1610612760.0,Oklahoma City,Thunder,OKC,0,0,,,,,,0,0,,,,,,1
311,0022000495,429,5,45,3,9:36 PM,2:13,Roby Out of Bounds - Bad Pass Turnover Turnover (P2.T10),,,,,4,1629676,Isaiah Roby,1610612760.0,Oklahoma City,Thunder,OKC,0,0,,,,,,1,0,,,,,,1
312,0022000495,430,8,0,3,9:36 PM,2:13,,,SUB: Eubanks FOR Poeltl,,,5,1627751,Jakob Poeltl,1610612759.0,San Antonio,Spurs,SAS,5,1629234,Drew Eubanks,1610612759.0,San Antonio,Spurs,SAS,0,0,,,,,,0
313,0022000495,432,6,2,3,9:36 PM,1:55,Roby S.FOUL (P5.PN) (J.Goble),,,,,4,1629676,Isaiah Roby,1610612760.0,Oklahoma City,Thunder,OKC,5,200746,LaMarcus Aldridge,1610612759.0,San Antonio,Spurs,SAS,1,0,,,,,,1
314,0022000495,434,3,11,3,9:37 PM,1:55,,,Aldridge Free Throw 1 of 2 (11 PTS),71 - 67,-4,5,200746,LaMarcus Aldridge,1610612759.0,San Antonio,Spurs,SAS,0,0,,,,,,0,0,,,,,,1
315,0022000495,435,8,0,3,9:37 PM,1:55,SUB: Jackson FOR Dort,,,,,4,1629652,Luguentz Dort,1610612760.0,Oklahoma City,Thunder,OKC,4,1628382,Justin Jackson,1610612760.0,Oklahoma City,Thunder,OKC,0,0,,,,,,0
316,0022000495,437,3,12,3,9:37 PM,1:55,,,MISS Aldridge Free Throw 2 of 2,,,5,200746,LaMarcus Aldridge,1610612759.0,San Antonio,Spurs,SAS,0,0,,,,,,0,0,,,,,,1
317,0022000495,438,4,0,3,9:37 PM,1:54,Muscala REBOUND (Off:0 Def:3),,,,,4,203488,Mike Muscala,1610612760.0,Oklahoma City,Thunder,OKC,0,0,,,,,,0,0,,,,,,1
318,0022000495,439,1,1,3,9:37 PM,1:42,Williams 3PT Jump Shot (3 PTS) (Gilgeous-Alexander 3 AST),,,71 - 70,-1,4,1629026,Kenrich Williams,1610612760.0,Oklahoma City,Thunder,OKC,4,1628983,Shai Gilgeous-Alexander,1610612760.0,Oklahoma City,Thunder,OKC,0,0,,,,,,1
319,0022000495,441,2,43,3,9:38 PM,1:26,,,MISS Aldridge 2' Alley Oop Layup,,,5,200746,LaMarcus Aldridge,1610612759.0,San Antonio,Spurs,SAS,0,0,,,,,,0,0,,,,,,1
320,0022000495,442,4,0,3,9:38 PM,1:25,Roby REBOUND (Off:1 Def:4),,,,,4,1629676,Isaiah Roby,1610612760.0,Oklahoma City,Thunder,OKC,0,0,,,,,,0,0,,,,,,1
321,0022000495,443,2,1,3,9:38 PM,1:16,MISS Jackson 25' 3PT Jump Shot,,,,,4,1628382,Justin Jackson,1610612760.0,Oklahoma City,Thunder,OKC,0,0,,,,,,0,0,,,,,,1
322,0022000495,444,4,0,3,9:38 PM,1:13,Muscala REBOUND (Off:1 Def:3),,,,,4,203488,Mike Muscala,1610612760.0,Oklahoma City,Thunder,OKC,0,0,,,,,,0,0,,,,,,1
323,0022000495,445,1,107,3,9:38 PM,1:13,Muscala Tip Dunk Shot (4 PTS),,,71 - 72,1,4,203488,Mike Muscala,1610612760.0,Oklahoma City,Thunder,OKC,0,0,,,,,,0,0,,,,,,1
324,0022000495,446,1,101,3,9:38 PM,0:57,,,Jones 1' Driving Floating Jump Shot (4 PTS),73 - 72,-1,5,1630200,Tre Jones,1610612759.0,San Antonio,Spurs,SAS,0,0,,,,,,0,0,,,,,,1
325,0022000495,447,2,1,3,9:38 PM,0:35,MISS Muscala 26' 3PT Jump Shot,,,,,4,203488,Mike Muscala,1610612760.0,Oklahoma City,Thunder,OKC,0,0,,,,,,0,0,,,,,,1
326,0022000495,448,4,0,3,9:39 PM,0:31,,,Eubanks REBOUND (Off:0 Def:1),,,5,1629234,Drew Eubanks,1610612759.0,San Antonio,Spurs,SAS,0,0,,,,,,0,0,,,,,,1
327,0022000495,449,5,1,3,9:39 PM,0:23,Roby STEAL (2 STL),,Mills Bad Pass Turnover (P2.T8),,,5,201988,Patty Mills,1610612759.0,San Antonio,Spurs,SAS,4,1629676,Isaiah Roby,1610612760.0,Oklahoma City,Thunder,OKC,0,0,,,,,,1
328,0022000495,451,6,2,3,9:39 PM,0:19,,,Mills S.FOUL (P1.PN) (Z.Zarba),,,5,201988,Patty Mills,1610612759.0,San Antonio,Spurs,SAS,4,1628983,Shai Gilgeous-Alexander,1610612760.0,Oklahoma City,Thunder,OKC,1,0,,,,,,1
329,0022000495,453,3,11,3,9:39 PM,0:19,Gilgeous-Alexander Free Throw 1 of 2 (35 PTS),,,73 - 73,TIE,4,1628983,Shai Gilgeous-Alexander,1610612760.0,Oklahoma City,Thunder,OKC,0,0,,,,,,0,0,,,,,,1
330,0022000495,454,8,0,3,9:39 PM,0:19,SUB: Bazley FOR Roby,,,,,4,1629676,Isaiah Roby,1610612760.0,Oklahoma City,Thunder,OKC,4,1629647,Darius Bazley,1610612760.0,Oklahoma City,Thunder,OKC,0,0,,,,,,0
331,0022000495,456,3,12,3,9:40 PM,0:19,Gilgeous-Alexander Free Throw 2 of 2 (36 PTS),,,73 - 74,1,4,1628983,Shai Gilgeous-Alexander,1610612760.0,Oklahoma City,Thunder,OKC,0,0,,,,,,0,0,,,,,,1
332,0022000495,457,5,40,3,9:40 PM,0:04,,,Jones Out of Bounds Lost Ball Turnover (P1.T9),,,5,1630200,Tre Jones,1610612759.0,San Antonio,Spurs,SAS,0,0,,,,,,1,0,,,,,,1
333,0022000495,458,1,76,3,9:40 PM,0:00,Gilgeous-Alexander 5' Running Finger Roll Layup (38 PTS),,,73 - 76,3,4,1628983,Shai Gilgeous-Alexander,1610612760.0,Oklahoma City,Thunder,OKC,0,0,,,,,,0,0,,,,,,1
334,0022000495,459,13,0,3,9:41 PM,0:00,,End of 3rd Period (9:41 PM EST),,73 - 76,3,0,0,,,,,,0,0,,,,,,0,0,,,,,,1
335,0022000495,462,12,0,4,9:43 PM,12:00,,Start of 4th Period (9:43 PM EST),,73 - 76,3,0,0,,,,,,0,0,,,,,,0,0,,,,,,0
336,0022000495,463,2,101,4,9:43 PM,11:43,MISS Jackson 9' Driving Floating Jump Shot,,,,,4,1628382,Justin Jackson,1610612760.0,Oklahoma City,Thunder,OKC,0,0,,,,,,0,0,,,,,,1
337,0022000495,464,4,0,4,9:43 PM,11:40,,,Eubanks REBOUND (Off:0 Def:2),,,5,1629234,Drew Eubanks,1610612759.0,San Antonio,Spurs,SAS,0,0,,,,,,0,0,,,,,,1
338,0022000495,465,6,2,4,9:43 PM,11:34,Muscala S.FOUL (P3.T1) (R.Acosta),,,,,4,203488,Mike Muscala,1610612760.0,Oklahoma City,Thunder,OKC,5,1627749,Dejounte Murray,1610612759.0,San Antonio,Spurs,SAS,1,0,,,,,,1
339,0022000495,467,3,11,4,9:44 PM,11:34,,,Murray Free Throw 1 of 2 (22 PTS),74 - 76,2,5,1627749,Dejounte Murray,1610612759.0,San Antonio,Spurs,SAS,0,0,,,,,,0,0,,,,,,1
340,0022000495,470,3,12,4,9:44 PM,11:34,,,Murray Free Throw 2 of 2 (23 PTS),75 - 76,1,5,1627749,Dejounte Murray,1610612759.0,San Antonio,Spurs,SAS,0,0,,,,,,0,0,,,,,,1
341,0022000495,471,5,1,4,9:44 PM,11:22,Gilgeous-Alexander Bad Pass Turnover (P4.T11),,Bates-Diop STEAL (1 STL),,,4,1628983,Shai Gilgeous-Alexander,1610612760.0,Oklahoma City,Thunder,OKC,5,1628966,Keita Bates-Diop,1610612759.0,San Antonio,Spurs,SAS,0,0,,,,,,1
342,0022000495,473,2,5,4,9:44 PM,11:08,,,MISS Aldridge 6' Layup,,,5,200746,LaMarcus Aldridge,1610612759.0,San Antonio,Spurs,SAS,0,0,,,,,,0,0,,,,,,1
343,0022000495,474,4,0,4,9:44 PM,11:06,Muscala REBOUND (Off:1 Def:4),,,,,4,203488,Mike Muscala,1610612760.0,Oklahoma City,Thunder,OKC,0,0,,,,,,0,0,,,,,,1
344,0022000495,475,2,41,4,9:44 PM,11:01,MISS Williams 5' Running Layup,,,,,4,1629026,Kenrich Williams,1610612760.0,Oklahoma City,Thunder,OKC,0,0,,,,,,0,0,,,,,,1
345,0022000495,476,4,0,4,9:45 PM,10:58,,,Bates-Diop REBOUND (Off:1 Def:2),,,5,1628966,Keita Bates-Diop,1610612759.0,San Antonio,Spurs,SAS,0,0,,,,,,0,0,,,,,,1
346,0022000495,477,2,3,4,9:45 PM,10:50,,,MISS Eubanks 5' Hook Shot,,,5,1629234,Drew Eubanks,1610612759.0,San Antonio,Spurs,SAS,0,0,,,,,,0,0,,,,,,1
347,0022000495,479,1,97,4,9:45 PM,10:45,,,Bates-Diop Tip Layup Shot (7 PTS),77 - 76,-1,5,1628966,Keita Bates-Diop,1610612759.0,San Antonio,Spurs,SAS,0,0,,,,,,0,0,,,,,,1
348,0022000495,478,4,0,4,9:45 PM,10:45,,,Bates-Diop REBOUND (Off:2 Def:2),,,5,1628966,Keita Bates-Diop,1610612759.0,San Antonio,Spurs,SAS,0,0,,,,,,0,0,,,,,,1
349,0022000495,480,2,1,4,9:45 PM,10:28,MISS Roby 3PT Jump Shot,,,,,4,1629676,Isaiah Roby,1610612760.0,Oklahoma City,Thunder,OKC,0,0,,,,,,0,0,,,,,,1
350,0022000495,481,4,0,4,9:45 PM,10:26,,,Aldridge REBOUND (Off:0 Def:6),,,5,200746,LaMarcus Aldridge,1610612759.0,San Antonio,Spurs,SAS,0,0,,,,,,0,0,,,,,,1
351,0022000495,482,1,98,4,9:45 PM,10:18,,,Eubanks 8' Cutting Layup Shot (2 PTS) (Murray 4 AST),79 - 76,-3,5,1629234,Drew Eubanks,1610612759.0,San Antonio,Spurs,SAS,5,1627749,Dejounte Murray,1610612759.0,San Antonio,Spurs,SAS,0,0,,,,,,1
352,0022000495,484,9,1,4,9:45 PM,10:18,THUNDER Timeout: Regular (Full 4 Short 0),,,,,2,1610612760,,,,,,0,0,,,,,,0,0,,,,,,0
353,0022000495,485,8,0,4,9:46 PM,10:18,SUB: Maledon FOR Gilgeous-Alexander,,,,,4,1628983,Shai Gilgeous-Alexander,1610612760.0,Oklahoma City,Thunder,OKC,4,1630177,Theo Maledon,1610612760.0,Oklahoma City,Thunder,OKC,0,0,,,,,,0
354,0022000495,486,8,0,4,9:46 PM,10:18,,,SUB: Lyles FOR Eubanks,,,5,1629234,Drew Eubanks,1610612759.0,San Antonio,Spurs,SAS,5,1626168,Trey Lyles,1610612759.0,San Antonio,Spurs,SAS,0,0,,,,,,0
355,0022000495,489,5,2,4,9:48 PM,10:04,Roby Lost Ball Turnover (P3.T12),,Bates-Diop STEAL (2 STL),,,4,1629676,Isaiah Roby,1610612760.0,Oklahoma City,Thunder,OKC,5,1628966,Keita Bates-Diop,1610612759.0,San Antonio,Spurs,SAS,0,0,,,,,,1
356,0022000495,491,1,79,4,9:48 PM,10:00,,,Mills 25' 3PT Pullup Jump Shot (8 PTS) (Bates-Diop 2 AST),82 - 76,-6,5,201988,Patty Mills,1610612759.0,San Antonio,Spurs,SAS,5,1628966,Keita Bates-Diop,1610612759.0,San Antonio,Spurs,SAS,0,0,,,,,,1
357,0022000495,493,5,45,4,9:49 PM,9:44,Williams Out of Bounds - Bad Pass Turnover Turnover (P1.T13),,,,,4,1629026,Kenrich Williams,1610612760.0,Oklahoma City,Thunder,OKC,0,0,,,,,,1,0,,,,,,1
358,0022000495,494,2,79,4,9:49 PM,9:30,,,MISS Mills 3PT Pullup Jump Shot,,,5,201988,Patty Mills,1610612759.0,San Antonio,Spurs,SAS,0,0,,,,,,0,0,,,,,,1
359,0022000495,495,4,0,4,9:49 PM,9:27,Williams REBOUND (Off:1 Def:3),,,,,4,1629026,Kenrich Williams,1610612760.0,Oklahoma City,Thunder,OKC,0,0,,,,,,0,0,,,,,,1
360,0022000495,496,5,2,4,9:49 PM,9:21,Williams Lost Ball Turnover (P2.T14),,Bates-Diop STEAL (3 STL),,,4,1629026,Kenrich Williams,1610612760.0,Oklahoma City,Thunder,OKC,5,1628966,Keita Bates-Diop,1610612759.0,San Antonio,Spurs,SAS,0,0,,,,,,1
361,0022000495,498,1,50,4,9:49 PM,9:19,,,Bates-Diop Running Dunk (9 PTS),84 - 76,-8,5,1628966,Keita Bates-Diop,1610612759.0,San Antonio,Spurs,SAS,0,0,,,,,,0,0,,,,,,1
362,0022000495,499,1,1,4,9:50 PM,8:58,Maledon 25' 3PT Jump Shot (3 PTS) (Roby 1 AST),,,84 - 79,-5,4,1630177,Theo Maledon,1610612760.0,Oklahoma City,Thunder,OKC,4,1629676,Isaiah Roby,1610612760.0,Oklahoma City,Thunder,OKC,0,0,,,,,,1
363,0022000495,501,2,1,4,9:50 PM,8:41,,,MISS Aldridge 20' Jump Shot,,,5,200746,LaMarcus Aldridge,1610612759.0,San Antonio,Spurs,SAS,0,0,,,,,,0,0,,,,,,1
364,0022000495,502,4,0,4,9:50 PM,8:38,Williams REBOUND (Off:1 Def:4),,,,,4,1629026,Kenrich Williams,1610612760.0,Oklahoma City,Thunder,OKC,0,0,,,,,,0,0,,,,,,1
365,0022000495,503,1,1,4,9:50 PM,8:32,Muscala 24' 3PT Jump Shot (7 PTS) (Jackson 3 AST),,,84 - 82,-2,4,203488,Mike Muscala,1610612760.0,Oklahoma City,Thunder,OKC,4,1628382,Justin Jackson,1610612760.0,Oklahoma City,Thunder,OKC,0,0,,,,,,1
366,0022000495,505,9,1,4,9:50 PM,8:31,,,Spurs Timeout: Regular (Reg.5 Short 0),,,3,1610612759,,,,,,0,0,,,,,,0,0,,,,,,0
367,0022000495,506,8,0,4,9:52 PM,8:31,,,SUB: Walker IV FOR Mills,,,5,201988,Patty Mills,1610612759.0,San Antonio,Spurs,SAS,5,1629022,Lonnie Walker IV,1610612759.0,San Antonio,Spurs,SAS,0,0,,,,,,0
368,0022000495,507,8,0,4,9:52 PM,8:31,,,SUB: Poeltl FOR Aldridge,,,5,200746,LaMarcus Aldridge,1610612759.0,San Antonio,Spurs,SAS,5,1627751,Jakob Poeltl,1610612759.0,San Antonio,Spurs,SAS,0,0,,,,,,0
369,0022000495,510,1,98,4,9:53 PM,8:19,,,Walker IV 2' Cutting Layup Shot (10 PTS) (Poeltl 3 AST),86 - 82,-4,5,1629022,Lonnie Walker IV,1610612759.0,San Antonio,Spurs,SAS,5,1627751,Jakob Poeltl,1610612759.0,San Antonio,Spurs,SAS,0,0,,,,,,1
370,0022000495,512,5,45,4,9:53 PM,8:07,Maledon Out of Bounds - Bad Pass Turnover Turnover (P1.T15),,,,,4,1630177,Theo Maledon,1610612760.0,Oklahoma City,Thunder,OKC,0,0,,,,,,1,0,,,,,,1
371,0022000495,513,8,0,4,9:53 PM,8:07,SUB: Horford FOR Roby,,,,,4,1629676,Isaiah Roby,1610612760.0,Oklahoma City,Thunder,OKC,4,201143,Al Horford,1610612760.0,Oklahoma City,Thunder,OKC,0,0,,,,,,0
372,0022000495,515,5,1,4,9:54 PM,7:53,Maledon STEAL (3 STL),,Lyles Bad Pass Turnover (P2.T10),,,5,1626168,Trey Lyles,1610612759.0,San Antonio,Spurs,SAS,4,1630177,Theo Maledon,1610612760.0,Oklahoma City,Thunder,OKC,0,0,,,,,,1
373,0022000495,517,1,41,4,9:54 PM,7:48,Jackson 4' Running Layup (5 PTS) (Maledon 2 AST),,,86 - 84,-2,4,1628382,Justin Jackson,1610612760.0,Oklahoma City,Thunder,OKC,4,1630177,Theo Maledon,1610612760.0,Oklahoma City,Thunder,OKC,0,0,,,,,,1
374,0022000495,519,2,79,4,9:54 PM,7:36,,,MISS Walker IV 21' Pullup Jump Shot,,,5,1629022,Lonnie Walker IV,1610612759.0,San Antonio,Spurs,SAS,0,0,,,,,,0,0,,,,,,1
375,0022000495,520,4,0,4,9:54 PM,7:33,Jackson REBOUND (Off:0 Def:3),,,,,4,1628382,Justin Jackson,1610612760.0,Oklahoma City,Thunder,OKC,0,0,,,,,,0,0,,,,,,1
376,0022000495,521,5,1,4,9:54 PM,7:27,Jackson Bad Pass Turnover (P2.T16),,Bates-Diop STEAL (4 STL),,,4,1628382,Justin Jackson,1610612760.0,Oklahoma City,Thunder,OKC,5,1628966,Keita Bates-Diop,1610612759.0,San Antonio,Spurs,SAS,0,0,,,,,,1
377,0022000495,523,6,28,4,9:54 PM,7:26,Williams Personal Take Foul (P2.T2) (J.Goble),,,,,4,1629026,Kenrich Williams,1610612760.0,Oklahoma City,Thunder,OKC,5,1628966,Keita Bates-Diop,1610612759.0,San Antonio,Spurs,SAS,1,0,,,,,,1
378,0022000495,525,8,0,4,9:54 PM,7:26,SUB: Gilgeous-Alexander FOR Muscala,,,,,4,203488,Mike Muscala,1610612760.0,Oklahoma City,Thunder,OKC,4,1628983,Shai Gilgeous-Alexander,1610612760.0,Oklahoma City,Thunder,OKC,0,0,,,,,,0
379,0022000495,526,8,0,4,9:54 PM,7:26,SUB: Bazley FOR Williams,,,,,4,1629026,Kenrich Williams,1610612760.0,Oklahoma City,Thunder,OKC,4,1629647,Darius Bazley,1610612760.0,Oklahoma City,Thunder,OKC,0,0,,,,,,0
380,0022000495,527,8,0,4,9:54 PM,7:26,SUB: Dort FOR Jackson,,,,,4,1628382,Justin Jackson,1610612760.0,Oklahoma City,Thunder,OKC,4,1629652,Luguentz Dort,1610612760.0,Oklahoma City,Thunder,OKC,0,0,,,,,,0
381,0022000495,531,5,1,4,9:55 PM,7:14,Maledon STEAL (4 STL),,Walker IV Bad Pass Turnover (P2.T11),,,5,1629022,Lonnie Walker IV,1610612759.0,San Antonio,Spurs,SAS,4,1630177,Theo Maledon,1610612760.0,Oklahoma City,Thunder,OKC,0,0,,,,,,1
382,0022000495,533,1,1,4,9:55 PM,7:04,Horford 26' 3PT Jump Shot (14 PTS) (Gilgeous-Alexander 4 AST),,,86 - 87,1,4,201143,Al Horford,1610612760.0,Oklahoma City,Thunder,OKC,4,1628983,Shai Gilgeous-Alexander,1610612760.0,Oklahoma City,Thunder,OKC,0,0,,,,,,1
383,0022000495,535,10,0,4,9:56 PM,6:47,Jump Ball Horford vs. Murray: Tip to Poeltl,,,,,4,201143,Al Horford,1610612760.0,Oklahoma City,Thunder,OKC,5,1627749,Dejounte Murray,1610612759.0,San Antonio,Spurs,SAS,5,1627751,Jakob Poeltl,1610612759.0,San Antonio,Spurs,SAS,1
384,0022000495,538,2,1,4,9:56 PM,6:43,,,MISS Walker IV 26' 3PT Jump Shot,,,5,1629022,Lonnie Walker IV,1610612759.0,San Antonio,Spurs,SAS,0,0,,,,,,0,0,,,,,,1
385,0022000495,539,4,0,4,9:56 PM,6:41,Maledon REBOUND (Off:0 Def:3),,,,,4,1630177,Theo Maledon,1610612760.0,Oklahoma City,Thunder,OKC,0,0,,,,,,0,0,,,,,,1
386,0022000495,540,2,1,4,9:56 PM,6:24,MISS Horford 25' 3PT Jump Shot,,,,,4,201143,Al Horford,1610612760.0,Oklahoma City,Thunder,OKC,0,0,,,,,,0,0,,,,,,1
387,0022000495,541,4,0,4,9:56 PM,6:22,,,Murray REBOUND (Off:0 Def:8),,,5,1627749,Dejounte Murray,1610612759.0,San Antonio,Spurs,SAS,0,0,,,,,,0,0,,,,,,1
388,0022000495,542,1,79,4,9:56 PM,6:16,,,Murray 13' Pullup Jump Shot (25 PTS),88 - 87,-1,5,1627749,Dejounte Murray,1610612759.0,San Antonio,Spurs,SAS,0,0,,,,,,0,0,,,,,,1
389,0022000495,543,2,1,4,9:57 PM,5:53,MISS Maledon 24' 3PT Jump Shot,,,,,4,1630177,Theo Maledon,1610612760.0,Oklahoma City,Thunder,OKC,0,0,,,,,,0,0,,,,,,1
390,0022000495,544,4,0,4,9:57 PM,5:49,,,Lyles REBOUND (Off:0 Def:5),,,5,1626168,Trey Lyles,1610612759.0,San Antonio,Spurs,SAS,0,0,,,,,,0,0,,,,,,1
391,0022000495,545,2,1,4,9:57 PM,5:40,,,MISS Walker IV 25' 3PT Jump Shot,,,5,1629022,Lonnie Walker IV,1610612759.0,San Antonio,Spurs,SAS,0,0,,,,,,0,0,,,,,,1
392,0022000495,546,4,0,4,9:57 PM,5:38,Bazley REBOUND (Off:3 Def:6),,,,,4,1629647,Darius Bazley,1610612760.0,Oklahoma City,Thunder,OKC,0,0,,,,,,0,0,,,,,,1
393,0022000495,547,1,44,4,9:57 PM,5:24,Gilgeous-Alexander 2' Reverse Layup (40 PTS),,,88 - 89,1,4,1628983,Shai Gilgeous-Alexander,1610612760.0,Oklahoma City,Thunder,OKC,0,0,,,,,,0,0,,,,,,1
394,0022000495,548,2,98,4,9:57 PM,5:05,,,MISS Poeltl 2' Cutting Layup Shot,,,5,1627751,Jakob Poeltl,1610612759.0,San Antonio,Spurs,SAS,0,0,,,,,,0,0,,,,,,1
395,0022000495,549,4,0,4,9:57 PM,5:03,Bazley REBOUND (Off:3 Def:7),,,,,4,1629647,Darius Bazley,1610612760.0,Oklahoma City,Thunder,OKC,0,0,,,,,,0,0,,,,,,1
396,0022000495,550,1,75,4,9:58 PM,4:50,Gilgeous-Alexander 3' Driving Finger Roll Layup (42 PTS),,,88 - 91,3,4,1628983,Shai Gilgeous-Alexander,1610612760.0,Oklahoma City,Thunder,OKC,0,0,,,,,,0,0,,,,,,1
397,0022000495,551,9,1,4,9:58 PM,4:42,,,Spurs Timeout: Regular (Reg.6 Short 0),,,3,1610612759,,,,,,0,0,,,,,,0,0,,,,,,0
398,0022000495,552,8,0,4,9:59 PM,4:42,,,SUB: Mills FOR Bates-Diop,,,5,1628966,Keita Bates-Diop,1610612759.0,San Antonio,Spurs,SAS,5,201988,Patty Mills,1610612759.0,San Antonio,Spurs,SAS,0,0,,,,,,0
399,0022000495,553,8,0,4,9:59 PM,4:42,,,SUB: Aldridge FOR Lyles,,,5,1626168,Trey Lyles,1610612759.0,San Antonio,Spurs,SAS,5,200746,LaMarcus Aldridge,1610612759.0,San Antonio,Spurs,SAS,0,0,,,,,,0
400,0022000495,556,1,79,4,10:00 PM,4:35,,,Murray 15' Pullup Jump Shot (27 PTS),90 - 91,1,5,1627749,Dejounte Murray,1610612759.0,San Antonio,Spurs,SAS,0,0,,,,,,0,0,,,,,,1
401,0022000495,557,2,1,4,10:00 PM,4:08,MISS Maledon 25' 3PT Jump Shot,,,,,4,1630177,Theo Maledon,1610612760.0,Oklahoma City,Thunder,OKC,0,0,,,,,,0,0,,,,,,1
402,0022000495,558,4,0,4,10:00 PM,4:05,,,Aldridge REBOUND (Off:0 Def:7),,,5,200746,LaMarcus Aldridge,1610612759.0,San Antonio,Spurs,SAS,0,0,,,,,,0,0,,,,,,1
403,0022000495,559,6,1,4,10:01 PM,3:53,Maledon P.FOUL (P2.T3) (Z.Zarba),,,,,4,1630177,Theo Maledon,1610612760.0,Oklahoma City,Thunder,OKC,5,200746,LaMarcus Aldridge,1610612759.0,San Antonio,Spurs,SAS,1,0,,,,,,1
404,0022000495,561,2,6,4,10:01 PM,3:47,,,MISS Poeltl 3' Driving Layup,,,5,1627751,Jakob Poeltl,1610612759.0,San Antonio,Spurs,SAS,0,0,,,,,,0,0,,,,,,1
405,0022000495,562,4,0,4,10:01 PM,3:44,Gilgeous-Alexander REBOUND (Off:0 Def:8),,,,,4,1628983,Shai Gilgeous-Alexander,1610612760.0,Oklahoma City,Thunder,OKC,0,0,,,,,,0,0,,,,,,1
406,0022000495,563,1,79,4,10:01 PM,3:36,Dort 26' 3PT Pullup Jump Shot (10 PTS) (Horford 6 AST),,,90 - 94,4,4,1629652,Luguentz Dort,1610612760.0,Oklahoma City,Thunder,OKC,4,201143,Al Horford,1610612760.0,Oklahoma City,Thunder,OKC,0,0,,,,,,1
407,0022000495,565,6,4,4,10:01 PM,3:19,,,Aldridge OFF.Foul (P1) (J.Goble),,,5,200746,LaMarcus Aldridge,1610612759.0,San Antonio,Spurs,SAS,4,201143,Al Horford,1610612760.0,Oklahoma City,Thunder,OKC,1,0,,,,,,1
408,0022000495,567,5,37,4,10:01 PM,3:19,,,Aldridge Offensive Foul Turnover (P2.T12),,,5,200746,LaMarcus Aldridge,1610612759.0,San Antonio,Spurs,SAS,0,0,,,,,,1,0,,,,,,1
409,0022000495,568,9,1,4,10:02 PM,3:19,THUNDER Timeout: Regular (Full 5 Short 0),,,,,2,1610612760,,,,,,0,0,,,,,,0,0,,,,,,0
410,0022000495,569,1,1,4,10:03 PM,3:10,Dort 26' 3PT Jump Shot (13 PTS) (Maledon 3 AST),,,90 - 97,7,4,1629652,Luguentz Dort,1610612760.0,Oklahoma City,Thunder,OKC,4,1630177,Theo Maledon,1610612760.0,Oklahoma City,Thunder,OKC,0,0,,,,,,1
411,0022000495,571,1,1,4,10:04 PM,2:49,,,Mills 26' 3PT Jump Shot (11 PTS) (Walker IV 2 AST),93 - 97,4,5,201988,Patty Mills,1610612759.0,San Antonio,Spurs,SAS,5,1629022,Lonnie Walker IV,1610612759.0,San Antonio,Spurs,SAS,0,0,,,,,,1
412,0022000495,573,5,13,4,10:04 PM,2:27,Dort Backcourt Turnover (P2.T17),,,,,4,1629652,Luguentz Dort,1610612760.0,Oklahoma City,Thunder,OKC,0,0,,,,,,1,0,,,,,,1
413,0022000495,574,2,1,4,10:05 PM,2:17,,,MISS Murray 25' 3PT Jump Shot,,,5,1627749,Dejounte Murray,1610612759.0,San Antonio,Spurs,SAS,0,0,,,,,,0,0,,,,,,1
414,0022000495,575,4,0,4,10:05 PM,2:13,Horford REBOUND (Off:3 Def:4),,,,,4,201143,Al Horford,1610612760.0,Oklahoma City,Thunder,OKC,0,0,,,,,,0,0,,,,,,1
415,0022000495,576,2,1,4,10:05 PM,2:01,MISS Horford 25' 3PT Jump Shot,,,,,4,201143,Al Horford,1610612760.0,Oklahoma City,Thunder,OKC,0,0,,,,,,0,0,,,,,,1
416,0022000495,577,4,0,4,10:05 PM,1:58,,,Poeltl REBOUND (Off:3 Def:6),,,5,1627751,Jakob Poeltl,1610612759.0,San Antonio,Spurs,SAS,0,0,,,,,,0,0,,,,,,1
417,0022000495,578,1,75,4,10:05 PM,1:44,,,Mills 4' Driving Finger Roll Layup (13 PTS) (Murray 5 AST),95 - 97,2,5,201988,Patty Mills,1610612759.0,San Antonio,Spurs,SAS,5,1627749,Dejounte Murray,1610612759.0,San Antonio,Spurs,SAS,0,0,,,,,,1
418,0022000495,579,1,1,4,10:06 PM,1:21,Horford 15' Jump Shot (16 PTS),,,95 - 99,4,4,201143,Al Horford,1610612760.0,Oklahoma City,Thunder,OKC,0,0,,,,,,0,0,,,,,,1
419,0022000495,580,1,73,4,10:06 PM,1:02,,,Mills 3' Driving Reverse Layup (15 PTS),97 - 99,2,5,201988,Patty Mills,1610612759.0,San Antonio,Spurs,SAS,0,0,,,,,,0,0,,,,,,1
420,0022000495,581,2,1,4,10:06 PM,0:44,MISS Dort 24' 3PT Jump Shot,,,,,4,1629652,Luguentz Dort,1610612760.0,Oklahoma City,Thunder,OKC,0,0,,,,,,0,0,,,,,,1
421,0022000495,582,4,0,4,10:06 PM,0:41,,,Murray REBOUND (Off:0 Def:9),,,5,1627749,Dejounte Murray,1610612759.0,San Antonio,Spurs,SAS,0,0,,,,,,0,0,,,,,,1
422,0022000495,583,1,75,4,10:07 PM,0:29,,,Walker IV 3' Driving Finger Roll Layup (12 PTS) (Murray 6 AST),99 - 99,TIE,5,1629022,Lonnie Walker IV,1610612759.0,San Antonio,Spurs,SAS,5,1627749,Dejounte Murray,1610612759.0,San Antonio,Spurs,SAS,0,0,,,,,,1
423,0022000495,584,2,79,4,10:07 PM,0:13,MISS Gilgeous-Alexander 26' 3PT Pullup Jump Shot,,,,,4,1628983,Shai Gilgeous-Alexander,1610612760.0,Oklahoma City,Thunder,OKC,0,0,,,,,,0,0,,,,,,1
424,0022000495,585,4,0,4,10:07 PM,0:10,,,Walker IV REBOUND (Off:0 Def:4),,,5,1629022,Lonnie Walker IV,1610612759.0,San Antonio,Spurs,SAS,0,0,,,,,,0,0,,,,,,1
425,0022000495,586,9,1,4,10:07 PM,0:10,,,Spurs Timeout: Regular (Reg.7 Short 0),,,3,1610612759,,,,,,0,0,,,,,,0,0,,,,,,0
426,0022000495,587,5,6,4,10:09 PM,0:03,,,Mills Double Dribble Turnover (P3.T13),,,5,201988,Patty Mills,1610612759.0,San Antonio,Spurs,SAS,0,0,,,,,,1,0,,,,,,1
427,0022000495,588,9,1,4,10:09 PM,0:03,THUNDER Timeout: Regular (Full 6 Short 0),,,,,2,1610612760,,,,,,0,0,,,,,,0,0,,,,,,0
428,0022000495,589,8,0,4,10:10 PM,0:03,,,SUB: Bates-Diop FOR Aldridge,,,5,200746,LaMarcus Aldridge,1610612759.0,San Antonio,Spurs,SAS,5,1628966,Keita Bates-Diop,1610612759.0,San Antonio,Spurs,SAS,0,0,,,,,,0
429,0022000495,591,1,1,4,10:11 PM,0:00,Dort 3PT Jump Shot (16 PTS) (Horford 7 AST),,,99 - 102,3,4,1629652,Luguentz Dort,1610612760.0,Oklahoma City,Thunder,OKC,4,201143,Al Horford,1610612760.0,Oklahoma City,Thunder,OKC,0,0,,,,,,1
430,0022000495,593,18,0,4,10:12 PM,0:00,,Instant Replay4th Period (10:12 PM EST),,99 - 102,3,0,591,,,,,,0,0,,,,,,1,0,,,,,,0
431,0022000495,594,13,0,4,10:12 PM,0:00,,End of 4th Period (10:12 PM EST),,99 - 102,3,0,0,,,,,,0,0,,,,,,0,0,,,,,,1
