,GAME_ID,EVENTNUM,EVENTMSGTYPE,EVENTMSGACTIONTYPE,PERIOD,WCTIMESTRING,PCTIMESTRING,HOMEDESCRIPTION,NEUTRALDESCRIPTION,VISITORDESCRIPTION,SCORE,SCOREMARGIN,PERSON1TYPE,PLAYER1_ID,PLAYER1_NAME,PLAYER1_TEAM_ID,PLAYER1_TEAM_CITY,PLAYER1_TEAM_NICKNAME,PLAYER1_TEAM_ABBREVIATION,PERSON2TYPE,PLAYER2_ID,PLAYER2_NAME,PLAYER2_TEAM_ID,PLAYER2_TEAM_CITY,PLAYER2_TEAM_NICKNAME,PLAYER2_TEAM_ABBREVIATION,PERSON3TYPE,PLAYER3_ID,PLAYER3_NAME,PLAYER3_TEAM_ID,PLAYER3_TEAM_CITY,PLAYER3_TEAM_NICKNAME,PLAYER3_TEAM_ABBREVIATION,VIDEO_AVAILABLE_FLAG
0,0021700291,2,12,0,1,7:11 PM,12:00,,Start of 1st Period (7:11 PM EST),,,,0,0,,,,,,0,0,,,,,,0,0,,,,,,0
1,0021700291,4,10,0,1,7:11 PM,12:00,Jump Ball Embiid vs. Love: Tip to Simmons,,,,,4,203954,Joel Embiid,1610612755.0,Philadelphia,76ers,PHI,5,201567,Kevin Love,1610612739.0,Cleveland,Cavaliers,CLE,4,1627732,Ben Simmons,1610612755.0,Philadelphia,76ers,PHI,1
2,0021700291,7,1,101,1,7:11 PM,11:38,Redick 7' Driving Floating Jump Shot (2 PTS),,,0 - 2,2,4,200755,JJ Redick,1610612755.0,Philadelphia,76ers,PHI,0,0,,,,,,0,0,,,,,,1
3,0021700291,8,2,1,1,7:12 PM,11:21,,,MISS Love 21' Jump Shot,,,5,201567,Kevin Love,1610612739.0,Cleveland,Cavaliers,CLE,0,0,,,,,,0,0,,,,,,1
4,0021700291,9,4,0,1,7:12 PM,11:20,Simmons REBOUND (Off:0 Def:1),,,,,4,1627732,Ben Simmons,1610612755.0,Philadelphia,76ers,PHI,0,0,,,,,,0,0,,,,,,1
5,0021700291,10,1,86,1,7:12 PM,11:11,Embiid 12' Turnaround Fadeaway (2 PTS),,,0 - 4,4,4,203954,Joel Embiid,1610612755.0,Philadelphia,76ers,PHI,0,0,,,,,,0,0,,,,,,1
6,0021700291,11,2,1,1,7:12 PM,10:57,,,MISS Love 25' 3PT Jump Shot,,,5,201567,Kevin Love,1610612739.0,Cleveland,Cavaliers,CLE,0,0,,,,,,0,0,,,,,,1
7,0021700291,12,4,0,1,7:12 PM,10:54,Saric REBOUND (Off:0 Def:1),,,,,4,203967,Dario Saric,1610612755.0,Philadelphia,76ers,PHI,0,0,,,,,,0,0,,,,,,1
8,0021700291,13,2,1,1,7:12 PM,10:44,MISS Embiid 8' Jump Shot,,,,,4,203954,Joel Embiid,1610612755.0,Philadelphia,76ers,PHI,0,0,,,,,,0,0,,,,,,1
9,0021700291,14,4,0,1,7:12 PM,10:42,,,James REBOUND (Off:0 Def:1),,,5,2544,LeBron James,1610612739.0,Cleveland,Cavaliers,CLE,0,0,,,,,,0,0,,,,,,1
10,0021700291,665,2,6,1,7:12 PM,10:40,Simmons BLOCK (1 BLK),,MISS James 7' Driving Layup,,,5,2544,LeBron James,1610612739.0,Cleveland,Cavaliers,CLE,0,0,,,,,,4,1627732,Ben Simmons,1610612755.0,Philadelphia,76ers,PHI,0
11,0021700291,667,4,0,1,7:12 PM,10:40,,,James REBOUND (Off:1 Def:1),,,5,2544,LeBron James,1610612739.0,Cleveland,Cavaliers,CLE,0,0,,,,,,0,0,,,,,,0
12,0021700291,15,1,5,1,7:12 PM,10:36,,,James 2' Layup (2 PTS),2 - 4,2,5,2544,LeBron James,1610612739.0,Cleveland,Cavaliers,CLE,0,0,,,,,,0,0,,,,,,1
13,0021700291,16,2,1,1,7:12 PM,10:29,MISS Redick 1' Jump Shot,,,,,4,200755,JJ Redick,1610612755.0,Philadelphia,76ers,PHI,0,0,,,,,,0,0,,,,,,1
14,0021700291,17,4,0,1,7:13 PM,10:29,,,James REBOUND (Off:1 Def:2),,,5,2544,LeBron James,1610612739.0,Cleveland,Cavaliers,CLE,0,0,,,,,,0,0,,,,,,1
15,0021700291,18,1,41,1,7:13 PM,10:21,,,James 2' Running Layup (4 PTS),4 - 4,TIE,5,2544,LeBron James,1610612739.0,Cleveland,Cavaliers,CLE,0,0,,,,,,0,0,,,,,,1
16,0021700291,19,2,1,1,7:13 PM,10:04,MISS Redick 18' Jump Shot,,,,,4,200755,JJ Redick,1610612755.0,Philadelphia,76ers,PHI,0,0,,,,,,0,0,,,,,,1
17,0021700291,20,4,0,1,7:13 PM,10:04,Saric REBOUND (Off:1 Def:1),,,,,4,203967,Dario Saric,1610612755.0,Philadelphia,76ers,PHI,0,0,,,,,,0,0,,,,,,1
18,0021700291,21,2,1,1,7:13 PM,9:56,MISS Saric 3PT Jump Shot,,,,,4,203967,Dario Saric,1610612755.0,Philadelphia,76ers,PHI,0,0,,,,,,0,0,,,,,,1
19,0021700291,22,4,0,1,7:13 PM,9:56,,,James REBOUND (Off:1 Def:3),,,5,2544,LeBron James,1610612739.0,Cleveland,Cavaliers,CLE,0,0,,,,,,0,0,,,,,,1
20,0021700291,24,6,1,1,7:14 PM,9:42,Covington P.FOUL (P1.T1) (C.Blair),,,,,4,203496,Robert Covington,1610612755.0,Philadelphia,76ers,PHI,5,2747,JR Smith,1610612739.0,Cleveland,Cavaliers,CLE,1,0,,,,,,1
21,0021700291,26,1,98,1,7:14 PM,9:36,,,James 1' Cutting Layup Shot (6 PTS) (Calderon 1 AST),6 - 4,-2,5,2544,LeBron James,1610612739.0,Cleveland,Cavaliers,CLE,5,101181,Jose Calderon,1610612739.0,Cleveland,Cavaliers,CLE,0,0,,,,,,1
22,0021700291,28,2,66,1,7:14 PM,9:23,MISS Embiid 27' 3PT Jump Bank Shot,,,,,4,203954,Joel Embiid,1610612755.0,Philadelphia,76ers,PHI,0,0,,,,,,0,0,,,,,,1
23,0021700291,29,4,0,1,7:14 PM,9:19,,,James REBOUND (Off:1 Def:4),,,5,2544,LeBron James,1610612739.0,Cleveland,Cavaliers,CLE,0,0,,,,,,0,0,,,,,,1
24,0021700291,30,1,103,1,7:14 PM,9:14,,,James 26' 3PT Running Pull-Up Jump Shot (9 PTS),9 - 4,-5,5,2544,LeBron James,1610612739.0,Cleveland,Cavaliers,CLE,0,0,,,,,,0,0,,,,,,1
25,0021700291,31,1,98,1,7:15 PM,9:00,Simmons Cutting Layup Shot (2 PTS) (Redick 1 AST),,,9 - 6,-3,4,1627732,Ben Simmons,1610612755.0,Philadelphia,76ers,PHI,4,200755,JJ Redick,1610612755.0,Philadelphia,76ers,PHI,0,0,,,,,,1
26,0021700291,33,1,44,1,7:15 PM,8:38,,,Love Reverse Layup (2 PTS) (James 1 AST),11 - 6,-5,5,201567,Kevin Love,1610612739.0,Cleveland,Cavaliers,CLE,5,2544,LeBron James,1610612739.0,Cleveland,Cavaliers,CLE,0,0,,,,,,1
27,0021700291,35,1,6,1,7:15 PM,8:25,Saric 2' Driving Layup (2 PTS) (Redick 2 AST),,,11 - 8,-3,4,203967,Dario Saric,1610612755.0,Philadelphia,76ers,PHI,4,200755,JJ Redick,1610612755.0,Philadelphia,76ers,PHI,0,0,,,,,,1
28,0021700291,37,2,1,1,7:15 PM,8:13,,,MISS Smith 26' 3PT Jump Shot,,,5,2747,JR Smith,1610612739.0,Cleveland,Cavaliers,CLE,0,0,,,,,,0,0,,,,,,1
29,0021700291,38,4,0,1,7:15 PM,8:10,76ERS Rebound,,,,,2,1610612755,,,,,,0,0,,,,,,0,0,,,,,,0
30,0021700291,39,2,1,1,7:16 PM,7:58,MISS Redick 26' 3PT Jump Shot,,,,,4,200755,JJ Redick,1610612755.0,Philadelphia,76ers,PHI,0,0,,,,,,0,0,,,,,,1
31,0021700291,40,4,0,1,7:16 PM,7:56,,,Love REBOUND (Off:0 Def:1),,,5,201567,Kevin Love,1610612739.0,Cleveland,Cavaliers,CLE,0,0,,,,,,0,0,,,,,,1
32,0021700291,41,6,2,1,7:16 PM,7:50,Simmons S.FOUL (P1.T2) (C.Blair),,,,,4,1627732,Ben Simmons,1610612755.0,Philadelphia,76ers,PHI,5,2544,LeBron James,1610612739.0,Cleveland,Cavaliers,CLE,1,0,,,,,,1
33,0021700291,43,3,11,1,7:16 PM,7:50,,,James Free Throw 1 of 2 (10 PTS),12 - 8,-4,5,2544,LeBron James,1610612739.0,Cleveland,Cavaliers,CLE,0,0,,,,,,0,0,,,,,,0
34,0021700291,44,8,0,1,7:16 PM,7:50,SUB: McConnell FOR Saric,,,,,4,203967,Dario Saric,1610612755.0,Philadelphia,76ers,PHI,4,204456,T.J. McConnell,1610612755.0,Philadelphia,76ers,PHI,0,0,,,,,,0
35,0021700291,46,3,12,1,7:17 PM,7:50,,,MISS James Free Throw 2 of 2,,,5,2544,LeBron James,1610612739.0,Cleveland,Cavaliers,CLE,0,0,,,,,,0,0,,,,,,0
36,0021700291,47,4,0,1,7:17 PM,7:47,Simmons REBOUND (Off:0 Def:2),,,,,4,1627732,Ben Simmons,1610612755.0,Philadelphia,76ers,PHI,0,0,,,,,,0,0,,,,,,1
37,0021700291,48,1,5,1,7:17 PM,7:33,Embiid 1' Layup (4 PTS),,,12 - 10,-2,4,203954,Joel Embiid,1610612755.0,Philadelphia,76ers,PHI,0,0,,,,,,0,0,,,,,,1
38,0021700291,49,1,1,1,7:17 PM,7:18,,,James 27' 3PT Jump Shot (13 PTS) (Calderon 2 AST),15 - 10,-5,5,2544,LeBron James,1610612739.0,Cleveland,Cavaliers,CLE,5,101181,Jose Calderon,1610612739.0,Cleveland,Cavaliers,CLE,0,0,,,,,,1
39,0021700291,51,2,79,1,7:17 PM,7:06,MISS Redick 20' Pullup Jump Shot,,,,,4,200755,JJ Redick,1610612755.0,Philadelphia,76ers,PHI,0,0,,,,,,0,0,,,,,,1
40,0021700291,52,4,0,1,7:18 PM,7:03,Redick REBOUND (Off:1 Def:0),,,,,4,200755,JJ Redick,1610612755.0,Philadelphia,76ers,PHI,0,0,,,,,,0,0,,,,,,1
41,0021700291,53,1,1,1,7:18 PM,7:02,Redick 19' Jump Shot (4 PTS),,,15 - 12,-3,4,200755,JJ Redick,1610612755.0,Philadelphia,76ers,PHI,0,0,,,,,,0,0,,,,,,1
42,0021700291,54,2,1,1,7:18 PM,6:49,,,MISS Calderon 27' 3PT Jump Shot,,,5,101181,Jose Calderon,1610612739.0,Cleveland,Cavaliers,CLE,0,0,,,,,,0,0,,,,,,1
43,0021700291,55,4,0,1,7:18 PM,6:49,Embiid REBOUND (Off:0 Def:1),,,,,4,203954,Joel Embiid,1610612755.0,Philadelphia,76ers,PHI,0,0,,,,,,0,0,,,,,,1
44,0021700291,57,2,41,1,7:18 PM,6:41,MISS Redick 1' Running Layup,,,,,4,200755,JJ Redick,1610612755.0,Philadelphia,76ers,PHI,0,0,,,,,,0,0,,,,,,1
45,0021700291,58,4,0,1,7:18 PM,6:39,,,Crowder REBOUND (Off:0 Def:1),,,5,203109,Jae Crowder,1610612739.0,Cleveland,Cavaliers,CLE,0,0,,,,,,0,0,,,,,,1
46,0021700291,59,6,2,1,7:18 PM,6:34,Covington S.FOUL (P2.T3) (K.Lane),,,,,4,203496,Robert Covington,1610612755.0,Philadelphia,76ers,PHI,5,203109,Jae Crowder,1610612739.0,Cleveland,Cavaliers,CLE,1,0,,,,,,1
47,0021700291,61,9,1,1,7:18 PM,6:34,76ERS Timeout: Regular (Full 1 Short 0),,,,,2,1610612755,,,,,,0,0,,,,,,0,0,,,,,,0
48,0021700291,62,8,0,1,7:20 PM,6:34,SUB: Johnson FOR Redick,,,,,4,200755,JJ Redick,1610612755.0,Philadelphia,76ers,PHI,4,101161,Amir Johnson,1610612755.0,Philadelphia,76ers,PHI,0,0,,,,,,0
49,0021700291,63,8,0,1,7:20 PM,6:34,SUB: Bayless FOR Embiid,,,,,4,203954,Joel Embiid,1610612755.0,Philadelphia,76ers,PHI,4,201573,Jerryd Bayless,1610612755.0,Philadelphia,76ers,PHI,0,0,,,,,,0
50,0021700291,66,3,11,1,7:21 PM,6:34,,,Crowder Free Throw 1 of 2 (1 PTS),16 - 12,-4,5,203109,Jae Crowder,1610612739.0,Cleveland,Cavaliers,CLE,0,0,,,,,,0,0,,,,,,0
51,0021700291,67,3,12,1,7:21 PM,6:34,,,Crowder Free Throw 2 of 2 (2 PTS),17 - 12,-5,5,203109,Jae Crowder,1610612739.0,Cleveland,Cavaliers,CLE,0,0,,,,,,0,0,,,,,,0
52,0021700291,68,5,1,1,7:22 PM,6:23,Simmons Bad Pass Turnover (P1.T1),,Crowder STEAL (1 STL),,,4,1627732,Ben Simmons,1610612755.0,Philadelphia,76ers,PHI,5,203109,Jae Crowder,1610612739.0,Cleveland,Cavaliers,CLE,0,0,,,,,,0
53,0021700291,70,6,1,1,7:22 PM,6:18,Bayless P.FOUL (P1.T4) (S.Wright),,,,,4,201573,Jerryd Bayless,1610612755.0,Philadelphia,76ers,PHI,5,2544,LeBron James,1610612739.0,Cleveland,Cavaliers,CLE,1,0,,,,,,0
54,0021700291,72,8,0,1,7:22 PM,6:18,SUB: Luwawu-Cabarrot FOR Covington,,,,,4,203496,Robert Covington,1610612755.0,Philadelphia,76ers,PHI,4,1627789,Timothe Luwawu-Cabarrot,1610612755.0,Philadelphia,76ers,PHI,0,0,,,,,,0
55,0021700291,74,2,1,1,7:22 PM,6:06,,,MISS Love 24' 3PT Jump Shot,,,5,201567,Kevin Love,1610612739.0,Cleveland,Cavaliers,CLE,0,0,,,,,,0,0,,,,,,1
56,0021700291,75,4,0,1,7:22 PM,6:04,Luwawu-Cabarrot REBOUND (Off:0 Def:1),,,,,4,1627789,Timothe Luwawu-Cabarrot,1610612755.0,Philadelphia,76ers,PHI,0,0,,,,,,0,0,,,,,,1
57,0021700291,76,2,1,1,7:23 PM,5:54,MISS Luwawu-Cabarrot 3PT Jump Shot,,,,,4,1627789,Timothe Luwawu-Cabarrot,1610612755.0,Philadelphia,76ers,PHI,0,0,,,,,,0,0,,,,,,1
58,0021700291,77,4,0,1,7:23 PM,5:51,,,James REBOUND (Off:1 Def:5),,,5,2544,LeBron James,1610612739.0,Cleveland,Cavaliers,CLE,0,0,,,,,,0,0,,,,,,1
59,0021700291,78,6,2,1,7:23 PM,5:43,Johnson S.FOUL (P1.PN) (K.Lane),,,,,4,101161,Amir Johnson,1610612755.0,Philadelphia,76ers,PHI,5,2544,LeBron James,1610612739.0,Cleveland,Cavaliers,CLE,1,0,,,,,,1
60,0021700291,80,18,0,1,7:23 PM,5:43,,Instant Replay1st Period (7:23 PM EST),,17 - 12,-5,0,0,,,,,,0,0,,,,,,1,0,,,,,,0
61,0021700291,93,3,12,1,7:24 PM,5:43,,,James Free Throw 2 of 2 (14 PTS),18 - 12,-6,5,2544,LeBron James,1610612739.0,Cleveland,Cavaliers,CLE,0,0,,,,,,0,0,,,,,,0
62,0021700291,92,3,11,1,7:24 PM,5:43,,,James Free Throw 1 of 2 (15 PTS),19 - 12,-7,5,2544,LeBron James,1610612739.0,Cleveland,Cavaliers,CLE,0,0,,,,,,0,0,,,,,,0
63,0021700291,81,8,0,1,7:25 PM,5:43,,,SUB: Korver FOR Smith,,,5,2747,JR Smith,1610612739.0,Cleveland,Cavaliers,CLE,5,2594,Kyle Korver,1610612739.0,Cleveland,Cavaliers,CLE,0,0,,,,,,0
64,0021700291,83,1,44,1,7:25 PM,5:35,Luwawu-Cabarrot 1' Reverse Layup (2 PTS) (Simmons 1 AST),,,19 - 14,-5,4,1627789,Timothe Luwawu-Cabarrot,1610612755.0,Philadelphia,76ers,PHI,4,1627732,Ben Simmons,1610612755.0,Philadelphia,76ers,PHI,0,0,,,,,,1
65,0021700291,85,2,7,1,7:25 PM,5:19,,,MISS James 1' Dunk,,,5,2544,LeBron James,1610612739.0,Cleveland,Cavaliers,CLE,0,0,,,,,,0,0,,,,,,1
66,0021700291,86,4,0,1,7:25 PM,5:16,Johnson REBOUND (Off:0 Def:1),,,,,4,101161,Amir Johnson,1610612755.0,Philadelphia,76ers,PHI,0,0,,,,,,0,0,,,,,,1
67,0021700291,87,1,76,1,7:25 PM,5:12,Simmons 2' Running Finger Roll Layup (4 PTS),,,19 - 16,-3,4,1627732,Ben Simmons,1610612755.0,Philadelphia,76ers,PHI,0,0,,,,,,0,0,,,,,,1
68,0021700291,88,2,1,1,7:26 PM,4:54,,,MISS James 26' 3PT Jump Shot,,,5,2544,LeBron James,1610612739.0,Cleveland,Cavaliers,CLE,0,0,,,,,,0,0,,,,,,1
69,0021700291,89,4,0,1,7:26 PM,4:54,76ERS Rebound,,,,,2,1610612755,,,,,,0,0,,,,,,0,0,,,,,,0
70,0021700291,90,6,3,1,7:26 PM,4:54,,,Crowder L.B.FOUL (P1.T1) (S.Wright),,,5,203109,Jae Crowder,1610612739.0,Cleveland,Cavaliers,CLE,4,201573,Jerryd Bayless,1610612755.0,Philadelphia,76ers,PHI,1,0,,,,,,1
71,0021700291,94,2,75,1,7:26 PM,4:43,MISS Simmons 2' Driving Finger Roll Layup,,,,,4,1627732,Ben Simmons,1610612755.0,Philadelphia,76ers,PHI,0,0,,,,,,0,0,,,,,,1
72,0021700291,95,4,0,1,7:26 PM,4:42,Johnson REBOUND (Off:1 Def:1),,,,,4,101161,Amir Johnson,1610612755.0,Philadelphia,76ers,PHI,0,0,,,,,,0,0,,,,,,1
73,0021700291,96,1,97,1,7:26 PM,4:42,Johnson 1' Tip Layup Shot (2 PTS),,,19 - 18,-1,4,101161,Amir Johnson,1610612755.0,Philadelphia,76ers,PHI,0,0,,,,,,0,0,,,,,,1
74,0021700291,97,2,1,1,7:26 PM,4:23,,,MISS Korver 24' 3PT Jump Shot,,,5,2594,Kyle Korver,1610612739.0,Cleveland,Cavaliers,CLE,0,0,,,,,,0,0,,,,,,1
75,0021700291,98,4,0,1,7:26 PM,4:23,,,Love REBOUND (Off:1 Def:1),,,5,201567,Kevin Love,1610612739.0,Cleveland,Cavaliers,CLE,0,0,,,,,,0,0,,,,,,1
76,0021700291,99,2,5,1,7:26 PM,4:17,,,MISS Love 4' Layup,,,5,201567,Kevin Love,1610612739.0,Cleveland,Cavaliers,CLE,0,0,,,,,,0,0,,,,,,1
77,0021700291,100,4,0,1,7:26 PM,4:17,,,Calderon REBOUND (Off:1 Def:0),,,5,101181,Jose Calderon,1610612739.0,Cleveland,Cavaliers,CLE,0,0,,,,,,0,0,,,,,,1
78,0021700291,101,2,1,1,7:26 PM,4:10,,,MISS Crowder 28' 3PT Jump Shot,,,5,203109,Jae Crowder,1610612739.0,Cleveland,Cavaliers,CLE,0,0,,,,,,0,0,,,,,,1
79,0021700291,102,4,0,1,7:27 PM,4:10,Luwawu-Cabarrot REBOUND (Off:0 Def:2),,,,,4,1627789,Timothe Luwawu-Cabarrot,1610612755.0,Philadelphia,76ers,PHI,0,0,,,,,,0,0,,,,,,1
80,0021700291,103,2,1,1,7:27 PM,4:02,MISS Bayless 3PT Jump Shot,,,,,4,201573,Jerryd Bayless,1610612755.0,Philadelphia,76ers,PHI,0,0,,,,,,0,0,,,,,,1
81,0021700291,104,4,0,1,7:27 PM,3:56,Luwawu-Cabarrot REBOUND (Off:1 Def:2),,,,,4,1627789,Timothe Luwawu-Cabarrot,1610612755.0,Philadelphia,76ers,PHI,0,0,,,,,,0,0,,,,,,1
82,0021700291,105,1,72,1,7:27 PM,3:56,Luwawu-Cabarrot 1' Putback Layup (4 PTS),,,19 - 20,1,4,1627789,Timothe Luwawu-Cabarrot,1610612755.0,Philadelphia,76ers,PHI,0,0,,,,,,0,0,,,,,,1
83,0021700291,106,5,1,1,7:27 PM,3:52,Simmons STEAL (1 STL),,Calderon Bad Pass Turnover (P1.T1),,,5,101181,Jose Calderon,1610612739.0,Cleveland,Cavaliers,CLE,4,1627732,Ben Simmons,1610612755.0,Philadelphia,76ers,PHI,0,0,,,,,,1
84,0021700291,108,6,1,1,7:27 PM,3:40,,,Calderon P.FOUL (P1.T2) (K.Lane),,,5,101181,Jose Calderon,1610612739.0,Cleveland,Cavaliers,CLE,4,204456,T.J. McConnell,1610612755.0,Philadelphia,76ers,PHI,1,0,,,,,,1
85,0021700291,110,8,0,1,7:27 PM,3:40,SUB: Embiid FOR Johnson,,,,,4,101161,Amir Johnson,1610612755.0,Philadelphia,76ers,PHI,4,203954,Joel Embiid,1610612755.0,Philadelphia,76ers,PHI,0,0,,,,,,0
86,0021700291,111,8,0,1,7:27 PM,3:40,SUB: Saric FOR Simmons,,,,,4,1627732,Ben Simmons,1610612755.0,Philadelphia,76ers,PHI,4,203967,Dario Saric,1610612755.0,Philadelphia,76ers,PHI,0,0,,,,,,0
87,0021700291,112,8,0,1,7:27 PM,3:40,,,SUB: Wade FOR Love,,,5,201567,Kevin Love,1610612739.0,Cleveland,Cavaliers,CLE,5,2548,Dwyane Wade,1610612739.0,Cleveland,Cavaliers,CLE,0,0,,,,,,0
88,0021700291,113,8,0,1,7:27 PM,3:40,,,SUB: Frye FOR Calderon,,,5,101181,Jose Calderon,1610612739.0,Cleveland,Cavaliers,CLE,5,101112,Channing Frye,1610612739.0,Cleveland,Cavaliers,CLE,0,0,,,,,,0
89,0021700291,118,8,0,1,7:27 PM,3:40,,,SUB: Green FOR Crowder,,,5,203109,Jae Crowder,1610612739.0,Cleveland,Cavaliers,CLE,5,201145,Jeff Green,1610612739.0,Cleveland,Cavaliers,CLE,0,0,,,,,,0
90,0021700291,120,1,86,1,7:28 PM,3:26,Embiid 16' Turnaround Fadeaway (6 PTS) (Luwawu-Cabarrot 1 AST),,,19 - 22,3,4,203954,Joel Embiid,1610612755.0,Philadelphia,76ers,PHI,4,1627789,Timothe Luwawu-Cabarrot,1610612755.0,Philadelphia,76ers,PHI,0,0,,,,,,1
91,0021700291,122,1,105,1,7:28 PM,3:08,,,Green 3' Turnaround Fadeaway Bank Jump Shot (2 PTS),21 - 22,1,5,201145,Jeff Green,1610612739.0,Cleveland,Cavaliers,CLE,0,0,,,,,,0,0,,,,,,1
92,0021700291,123,2,1,1,7:28 PM,2:50,MISS Embiid 11' Jump Shot,,,,,4,203954,Joel Embiid,1610612755.0,Philadelphia,76ers,PHI,0,0,,,,,,0,0,,,,,,1
93,0021700291,124,4,0,1,7:29 PM,2:50,,,James REBOUND (Off:1 Def:6),,,5,2544,LeBron James,1610612739.0,Cleveland,Cavaliers,CLE,0,0,,,,,,0,0,,,,,,1
94,0021700291,125,2,6,1,7:29 PM,2:42,Saric BLOCK (1 BLK),,MISS James 1' Driving Layup,,,5,2544,LeBron James,1610612739.0,Cleveland,Cavaliers,CLE,0,0,,,,,,4,203967,Dario Saric,1610612755.0,Philadelphia,76ers,PHI,1
95,0021700291,127,4,0,1,7:29 PM,2:42,,,Cavaliers Rebound,,,3,1610612739,,,,,,0,0,,,,,,0,0,,,,,,0
96,0021700291,128,9,1,1,7:29 PM,2:42,,,Cavaliers Timeout: Regular (Reg.1 Short 0),,,3,1610612739,,,,,,0,0,,,,,,0,0,,,,,,0
97,0021700291,129,8,0,1,7:31 PM,2:42,SUB: Redick FOR Bayless,,,,,4,201573,Jerryd Bayless,1610612755.0,Philadelphia,76ers,PHI,4,200755,JJ Redick,1610612755.0,Philadelphia,76ers,PHI,0,0,,,,,,0
98,0021700291,131,2,80,1,7:32 PM,2:27,,,MISS James 24' 3PT Step Back Jump Shot,,,5,2544,LeBron James,1610612739.0,Cleveland,Cavaliers,CLE,0,0,,,,,,0,0,,,,,,1
99,0021700291,132,4,0,1,7:32 PM,2:24,Redick REBOUND (Off:1 Def:1),,,,,4,200755,JJ Redick,1610612755.0,Philadelphia,76ers,PHI,0,0,,,,,,0,0,,,,,,1
100,0021700291,133,2,1,1,7:32 PM,2:05,MISS Luwawu-Cabarrot 26' 3PT Jump Shot,,,,,4,1627789,Timothe Luwawu-Cabarrot,1610612755.0,Philadelphia,76ers,PHI,0,0,,,,,,0,0,,,,,,1
101,0021700291,134,4,0,1,7:32 PM,2:03,76ERS Rebound,,,,,2,1610612755,,,,,,0,0,,,,,,0,0,,,,,,0
102,0021700291,135,8,0,1,7:32 PM,2:03,,,SUB: Shumpert FOR James,,,5,2544,LeBron James,1610612739.0,Cleveland,Cavaliers,CLE,5,202697,Iman Shumpert,1610612739.0,Cleveland,Cavaliers,CLE,0,0,,,,,,0
103,0021700291,137,5,1,1,7:33 PM,1:58,Saric Bad Pass Turnover (P1.T2),,Frye STEAL (1 STL),,,4,203967,Dario Saric,1610612755.0,Philadelphia,76ers,PHI,5,101112,Channing Frye,1610612739.0,Cleveland,Cavaliers,CLE,0,0,,,,,,1
104,0021700291,139,1,103,1,7:33 PM,1:53,,,Wade 25' 3PT Running Pull-Up Jump Shot (3 PTS),24 - 22,-2,5,2548,Dwyane Wade,1610612739.0,Cleveland,Cavaliers,CLE,0,0,,,,,,0,0,,,,,,1
105,0021700291,140,2,1,1,7:33 PM,1:40,MISS Redick 27' 3PT Jump Shot,,,,,4,200755,JJ Redick,1610612755.0,Philadelphia,76ers,PHI,0,0,,,,,,0,0,,,,,,1
106,0021700291,141,4,0,1,7:33 PM,1:36,,,Korver REBOUND (Off:0 Def:1),,,5,2594,Kyle Korver,1610612739.0,Cleveland,Cavaliers,CLE,0,0,,,,,,0,0,,,,,,1
107,0021700291,143,6,1,1,7:33 PM,1:32,Luwawu-Cabarrot P.FOUL (P1.PN) (C.Blair),,,,,4,1627789,Timothe Luwawu-Cabarrot,1610612755.0,Philadelphia,76ers,PHI,5,2548,Dwyane Wade,1610612739.0,Cleveland,Cavaliers,CLE,1,0,,,,,,1
108,0021700291,145,3,11,1,7:34 PM,1:32,,,Wade Free Throw 1 of 2 (4 PTS),25 - 22,-3,5,2548,Dwyane Wade,1610612739.0,Cleveland,Cavaliers,CLE,0,0,,,,,,0,0,,,,,,0
109,0021700291,146,8,0,1,7:34 PM,1:32,SUB: Simmons FOR McConnell,,,,,4,204456,T.J. McConnell,1610612755.0,Philadelphia,76ers,PHI,4,1627732,Ben Simmons,1610612755.0,Philadelphia,76ers,PHI,0,0,,,,,,0
110,0021700291,148,3,12,1,7:34 PM,1:32,,,Wade Free Throw 2 of 2 (5 PTS),26 - 22,-4,5,2548,Dwyane Wade,1610612739.0,Cleveland,Cavaliers,CLE,0,0,,,,,,0,0,,,,,,0
111,0021700291,149,5,11,1,7:35 PM,1:08,76ERS Turnover: Shot Clock (T#3),,,,,2,1610612755,,,,,,0,0,,,,,,1,0,,,,,,0
112,0021700291,150,1,1,1,7:35 PM,0:58,,,Frye 26' 3PT Jump Shot (3 PTS) (Wade 1 AST),29 - 22,-7,5,101112,Channing Frye,1610612739.0,Cleveland,Cavaliers,CLE,5,2548,Dwyane Wade,1610612739.0,Cleveland,Cavaliers,CLE,0,0,,,,,,1
113,0021700291,152,2,63,1,7:35 PM,0:45,MISS Embiid 13' Fadeaway Jumper,,,,,4,203954,Joel Embiid,1610612755.0,Philadelphia,76ers,PHI,0,0,,,,,,0,0,,,,,,1
114,0021700291,153,4,0,1,7:35 PM,0:43,Saric REBOUND (Off:2 Def:1),,,,,4,203967,Dario Saric,1610612755.0,Philadelphia,76ers,PHI,0,0,,,,,,0,0,,,,,,1
115,0021700291,154,5,45,1,7:35 PM,0:36,Simmons Out of Bounds - Bad Pass Turnover Turnover (P2.T4),,,,,4,1627732,Ben Simmons,1610612755.0,Philadelphia,76ers,PHI,0,0,,,,,,1,0,,,,,,1
116,0021700291,155,10,0,1,7:36 PM,0:28,Jump Ball Luwawu-Cabarrot vs. Wade: Tip to Frye,,,,,4,1627789,Timothe Luwawu-Cabarrot,1610612755.0,Philadelphia,76ers,PHI,5,2548,Dwyane Wade,1610612739.0,Cleveland,Cavaliers,CLE,5,101112,Channing Frye,1610612739.0,Cleveland,Cavaliers,CLE,1
117,0021700291,158,2,79,1,7:36 PM,0:16,,,MISS Wade 18' Pullup Jump Shot,,,5,2548,Dwyane Wade,1610612739.0,Cleveland,Cavaliers,CLE,0,0,,,,,,0,0,,,,,,1
118,0021700291,159,4,0,1,7:36 PM,0:12,Saric REBOUND (Off:2 Def:2),,,,,4,203967,Dario Saric,1610612755.0,Philadelphia,76ers,PHI,0,0,,,,,,0,0,,,,,,1
119,0021700291,160,2,1,1,7:37 PM,0:04,MISS Saric 27' 3PT Jump Shot,,,,,4,203967,Dario Saric,1610612755.0,Philadelphia,76ers,PHI,0,0,,,,,,0,0,,,,,,1
120,0021700291,161,4,0,1,7:37 PM,0:00,,,Green REBOUND (Off:0 Def:1),,,5,201145,Jeff Green,1610612739.0,Cleveland,Cavaliers,CLE,0,0,,,,,,0,0,,,,,,1
121,0021700291,162,2,1,1,7:37 PM,0:00,,,MISS Green 58' 3PT Jump Shot,,,5,201145,Jeff Green,1610612739.0,Cleveland,Cavaliers,CLE,0,0,,,,,,0,0,,,,,,1
122,0021700291,163,4,0,1,7:37 PM,0:00,,,Cavaliers Rebound,,,3,1610612739,,,,,,0,0,,,,,,0,0,,,,,,0
123,0021700291,164,13,0,1,7:37 PM,0:00,,End of 1st Period (7:37 PM EST),,29 - 22,-7,0,0,,,,,,0,0,,,,,,0,0,,,,,,1
124,0021700291,167,12,0,2,7:39 PM,12:00,,Start of 2nd Period (7:39 PM EST),,29 - 22,-7,0,0,,,,,,0,0,,,,,,0,0,,,,,,0
125,0021700291,168,2,1,2,7:40 PM,11:44,,,MISS Korver 26' 3PT Jump Shot,,,5,2594,Kyle Korver,1610612739.0,Cleveland,Cavaliers,CLE,0,0,,,,,,0,0,,,,,,1
126,0021700291,169,4,0,2,7:40 PM,11:40,Simmons REBOUND (Off:0 Def:3),,,,,4,1627732,Ben Simmons,1610612755.0,Philadelphia,76ers,PHI,0,0,,,,,,0,0,,,,,,1
127,0021700291,170,2,5,2,7:40 PM,11:28,MISS Embiid 1' Layup,,,,,4,203954,Joel Embiid,1610612755.0,Philadelphia,76ers,PHI,0,0,,,,,,0,0,,,,,,1
128,0021700291,171,4,0,2,7:40 PM,11:26,Embiid REBOUND (Off:1 Def:1),,,,,4,203954,Joel Embiid,1610612755.0,Philadelphia,76ers,PHI,0,0,,,,,,0,0,,,,,,1
129,0021700291,172,1,7,2,7:40 PM,11:25,Embiid 1' Dunk (8 PTS),,,29 - 24,-5,4,203954,Joel Embiid,1610612755.0,Philadelphia,76ers,PHI,0,0,,,,,,0,0,,,,,,1
130,0021700291,173,1,47,2,7:40 PM,11:05,,,Wade 5' Turnaround Jump Shot (7 PTS),31 - 24,-7,5,2548,Dwyane Wade,1610612739.0,Cleveland,Cavaliers,CLE,0,0,,,,,,0,0,,,,,,1
131,0021700291,174,2,79,2,7:40 PM,10:50,MISS Redick 22' Pullup Jump Shot,,,,,4,200755,JJ Redick,1610612755.0,Philadelphia,76ers,PHI,0,0,,,,,,0,0,,,,,,1
132,0021700291,175,4,0,2,7:41 PM,10:46,Saric REBOUND (Off:3 Def:2),,,,,4,203967,Dario Saric,1610612755.0,Philadelphia,76ers,PHI,0,0,,,,,,0,0,,,,,,1
133,0021700291,176,2,1,2,7:41 PM,10:36,MISS Saric 22' Jump Shot,,,,,4,203967,Dario Saric,1610612755.0,Philadelphia,76ers,PHI,0,0,,,,,,0,0,,,,,,1
134,0021700291,177,4,0,2,7:41 PM,10:34,,,Frye REBOUND (Off:0 Def:1),,,5,101112,Channing Frye,1610612739.0,Cleveland,Cavaliers,CLE,0,0,,,,,,0,0,,,,,,1
135,0021700291,178,1,75,2,7:41 PM,10:27,,,Wade 1' Driving Finger Roll Layup (9 PTS),33 - 24,-9,5,2548,Dwyane Wade,1610612739.0,Cleveland,Cavaliers,CLE,0,0,,,,,,0,0,,,,,,1
136,0021700291,179,1,6,2,7:41 PM,10:18,Simmons 3' Driving Layup (6 PTS),,,33 - 26,-7,4,1627732,Ben Simmons,1610612755.0,Philadelphia,76ers,PHI,0,0,,,,,,0,0,,,,,,1
137,0021700291,180,1,5,2,7:41 PM,10:02,,,Frye 2' Layup (5 PTS) (Wade 2 AST),35 - 26,-9,5,101112,Channing Frye,1610612739.0,Cleveland,Cavaliers,CLE,5,2548,Dwyane Wade,1610612739.0,Cleveland,Cavaliers,CLE,0,0,,,,,,1
138,0021700291,182,9,1,2,7:41 PM,10:02,76ERS Timeout: Regular (Full 2 Short 0),,,,,2,1610612755,,,,,,0,0,,,,,,0,0,,,,,,0
139,0021700291,183,8,0,2,7:43 PM,10:02,SUB: McConnell FOR Saric,,,,,4,203967,Dario Saric,1610612755.0,Philadelphia,76ers,PHI,4,204456,T.J. McConnell,1610612755.0,Philadelphia,76ers,PHI,0,0,,,,,,0
140,0021700291,185,6,1,2,7:44 PM,9:48,,,Frye P.FOUL (P1.T1) (S.Wright),,,5,101112,Channing Frye,1610612739.0,Cleveland,Cavaliers,CLE,4,203954,Joel Embiid,1610612755.0,Philadelphia,76ers,PHI,1,0,,,,,,1
141,0021700291,187,2,6,2,7:45 PM,9:35,MISS Bayless 1' Driving Layup,,,,,4,201573,Jerryd Bayless,1610612755.0,Philadelphia,76ers,PHI,0,0,,,,,,0,0,,,,,,1
142,0021700291,188,4,0,2,7:45 PM,9:33,,,Wade REBOUND (Off:0 Def:1),,,5,2548,Dwyane Wade,1610612739.0,Cleveland,Cavaliers,CLE,0,0,,,,,,0,0,,,,,,1
143,0021700291,189,2,86,2,7:45 PM,9:26,,,MISS Wade 12' Turnaround Fadeaway Shot,,,5,2548,Dwyane Wade,1610612739.0,Cleveland,Cavaliers,CLE,0,0,,,,,,0,0,,,,,,1
144,0021700291,190,4,0,2,7:45 PM,9:23,,,Green REBOUND (Off:1 Def:1),,,5,201145,Jeff Green,1610612739.0,Cleveland,Cavaliers,CLE,0,0,,,,,,0,0,,,,,,1
145,0021700291,191,1,86,2,7:45 PM,9:12,,,Wade 15' Turnaround Fadeaway (11 PTS),37 - 26,-11,5,2548,Dwyane Wade,1610612739.0,Cleveland,Cavaliers,CLE,0,0,,,,,,0,0,,,,,,1
146,0021700291,192,1,79,2,7:46 PM,8:49,McConnell 15' Pullup Jump Shot (2 PTS),,,37 - 28,-9,4,204456,T.J. McConnell,1610612755.0,Philadelphia,76ers,PHI,0,0,,,,,,0,0,,,,,,1
147,0021700291,193,1,98,2,7:46 PM,8:28,,,Green 1' Cutting Layup Shot (4 PTS) (Wade 3 AST),39 - 28,-11,5,201145,Jeff Green,1610612739.0,Cleveland,Cavaliers,CLE,5,2548,Dwyane Wade,1610612739.0,Cleveland,Cavaliers,CLE,0,0,,,,,,1
148,0021700291,195,2,79,2,7:46 PM,8:22,MISS Redick 10' Pullup Jump Shot,,,,,4,200755,JJ Redick,1610612755.0,Philadelphia,76ers,PHI,0,0,,,,,,0,0,,,,,,1
149,0021700291,196,4,0,2,7:46 PM,8:22,,,Frye REBOUND (Off:0 Def:2),,,5,101112,Channing Frye,1610612739.0,Cleveland,Cavaliers,CLE,0,0,,,,,,0,0,,,,,,1
150,0021700291,197,2,79,2,7:46 PM,8:12,,,MISS Shumpert 21' Pullup Jump Shot,,,5,202697,Iman Shumpert,1610612739.0,Cleveland,Cavaliers,CLE,0,0,,,,,,0,0,,,,,,1
151,0021700291,198,4,0,2,7:46 PM,8:08,Simmons REBOUND (Off:0 Def:4),,,,,4,1627732,Ben Simmons,1610612755.0,Philadelphia,76ers,PHI,0,0,,,,,,0,0,,,,,,1
152,0021700291,199,2,79,2,7:46 PM,8:01,MISS Embiid 19' Pullup Jump Shot,,,,,4,203954,Joel Embiid,1610612755.0,Philadelphia,76ers,PHI,0,0,,,,,,0,0,,,,,,1
153,0021700291,200,4,0,2,7:47 PM,7:57,,,Green REBOUND (Off:1 Def:2),,,5,201145,Jeff Green,1610612739.0,Cleveland,Cavaliers,CLE,0,0,,,,,,0,0,,,,,,1
154,0021700291,201,1,75,2,7:47 PM,7:52,,,Green 1' Driving Finger Roll Layup (6 PTS),41 - 28,-13,5,201145,Jeff Green,1610612739.0,Cleveland,Cavaliers,CLE,0,0,,,,,,0,0,,,,,,1
155,0021700291,202,9,1,2,7:47 PM,7:52,76ERS Timeout: Regular (Full 3 Short 0),,,,,2,1610612755,,,,,,0,0,,,,,,0,0,,,,,,0
156,0021700291,203,8,0,2,7:49 PM,7:52,SUB: Johnson FOR Redick,,,,,4,200755,JJ Redick,1610612755.0,Philadelphia,76ers,PHI,4,101161,Amir Johnson,1610612755.0,Philadelphia,76ers,PHI,0,0,,,,,,0
157,0021700291,204,8,0,2,7:49 PM,7:52,SUB: Covington FOR Embiid,,,,,4,203954,Joel Embiid,1610612755.0,Philadelphia,76ers,PHI,4,203496,Robert Covington,1610612755.0,Philadelphia,76ers,PHI,0,0,,,,,,0
158,0021700291,207,2,6,2,7:50 PM,7:29,MISS Simmons 2' Driving Layup,,,,,4,1627732,Ben Simmons,1610612755.0,Philadelphia,76ers,PHI,0,0,,,,,,0,0,,,,,,1
159,0021700291,208,4,0,2,7:50 PM,7:28,Johnson REBOUND (Off:2 Def:1),,,,,4,101161,Amir Johnson,1610612755.0,Philadelphia,76ers,PHI,0,0,,,,,,0,0,,,,,,1
160,0021700291,209,6,2,2,7:50 PM,7:28,,,Frye S.FOUL (P2.T2) (K.Lane),,,5,101112,Channing Frye,1610612739.0,Cleveland,Cavaliers,CLE,4,101161,Amir Johnson,1610612755.0,Philadelphia,76ers,PHI,1,0,,,,,,1
161,0021700291,211,3,11,2,7:50 PM,7:28,MISS Johnson Free Throw 1 of 2,,,,,4,101161,Amir Johnson,1610612755.0,Philadelphia,76ers,PHI,0,0,,,,,,0,0,,,,,,0
162,0021700291,212,4,1,2,7:50 PM,7:28,76ERS Rebound,,,,,2,1610612755,,,,,,0,0,,,,,,0,0,,,,,,0
163,0021700291,213,3,12,2,7:51 PM,7:28,Johnson Free Throw 2 of 2 (3 PTS),,,41 - 29,-12,4,101161,Amir Johnson,1610612755.0,Philadelphia,76ers,PHI,0,0,,,,,,0,0,,,,,,0
164,0021700291,215,6,29,2,7:51 PM,7:08,Bayless Shooting Block Foul (P2.T1) (C.Blair),,,,,4,201573,Jerryd Bayless,1610612755.0,Philadelphia,76ers,PHI,5,2548,Dwyane Wade,1610612739.0,Cleveland,Cavaliers,CLE,1,0,,,,,,1
165,0021700291,217,3,13,2,7:52 PM,7:08,,,MISS Wade Free Throw 1 of 3,,,5,2548,Dwyane Wade,1610612739.0,Cleveland,Cavaliers,CLE,0,0,,,,,,0,0,,,,,,0
166,0021700291,218,4,0,2,7:52 PM,7:08,,,Cavaliers Rebound,,,3,1610612739,,,,,,0,0,,,,,,0,0,,,,,,0
167,0021700291,219,8,0,2,7:52 PM,7:08,,,SUB: Love FOR Shumpert,,,5,202697,Iman Shumpert,1610612739.0,Cleveland,Cavaliers,CLE,5,201567,Kevin Love,1610612739.0,Cleveland,Cavaliers,CLE,0,0,,,,,,0
168,0021700291,220,8,0,2,7:52 PM,7:08,,,SUB: Smith FOR Frye,,,5,101112,Channing Frye,1610612739.0,Cleveland,Cavaliers,CLE,5,2747,JR Smith,1610612739.0,Cleveland,Cavaliers,CLE,0,0,,,,,,0
169,0021700291,221,8,0,2,7:52 PM,7:08,,,SUB: James FOR Korver,,,5,2594,Kyle Korver,1610612739.0,Cleveland,Cavaliers,CLE,5,2544,LeBron James,1610612739.0,Cleveland,Cavaliers,CLE,0,0,,,,,,0
170,0021700291,225,3,14,2,7:52 PM,7:08,,,Wade Free Throw 2 of 3 (12 PTS),42 - 29,-13,5,2548,Dwyane Wade,1610612739.0,Cleveland,Cavaliers,CLE,0,0,,,,,,0,0,,,,,,0
171,0021700291,226,3,15,2,7:53 PM,7:08,,,MISS Wade Free Throw 3 of 3,,,5,2548,Dwyane Wade,1610612739.0,Cleveland,Cavaliers,CLE,0,0,,,,,,0,0,,,,,,0
172,0021700291,227,4,0,2,7:53 PM,7:08,Simmons REBOUND (Off:0 Def:5),,,,,4,1627732,Ben Simmons,1610612755.0,Philadelphia,76ers,PHI,0,0,,,,,,0,0,,,,,,1
173,0021700291,229,1,98,2,7:53 PM,6:56,Bayless 1' Cutting Layup Shot (2 PTS) (Covington 1 AST),,,42 - 31,-11,4,201573,Jerryd Bayless,1610612755.0,Philadelphia,76ers,PHI,4,203496,Robert Covington,1610612755.0,Philadelphia,76ers,PHI,0,0,,,,,,1
174,0021700291,231,2,1,2,7:54 PM,6:35,,,MISS Green 25' 3PT Jump Shot,,,5,201145,Jeff Green,1610612739.0,Cleveland,Cavaliers,CLE,0,0,,,,,,0,0,,,,,,1
175,0021700291,232,4,0,2,7:54 PM,6:32,,,Wade REBOUND (Off:1 Def:1),,,5,2548,Dwyane Wade,1610612739.0,Cleveland,Cavaliers,CLE,0,0,,,,,,0,0,,,,,,1
176,0021700291,233,2,47,2,7:54 PM,6:29,,,MISS Wade 16' Turnaround Jump Shot,,,5,2548,Dwyane Wade,1610612739.0,Cleveland,Cavaliers,CLE,0,0,,,,,,0,0,,,,,,1
177,0021700291,234,4,0,2,7:54 PM,6:29,,,Cavaliers Rebound,,,3,1610612739,,,,,,0,0,,,,,,0,0,,,,,,0
178,0021700291,235,8,0,2,7:54 PM,6:27,SUB: Redick FOR Bayless,,,,,4,201573,Jerryd Bayless,1610612755.0,Philadelphia,76ers,PHI,4,200755,JJ Redick,1610612755.0,Philadelphia,76ers,PHI,0,0,,,,,,0
179,0021700291,236,8,0,2,7:54 PM,6:27,SUB: Saric FOR Simmons,,,,,4,1627732,Ben Simmons,1610612755.0,Philadelphia,76ers,PHI,4,203967,Dario Saric,1610612755.0,Philadelphia,76ers,PHI,0,0,,,,,,0
180,0021700291,239,2,1,2,7:54 PM,6:14,,,MISS Love 26' 3PT Jump Shot,,,5,201567,Kevin Love,1610612739.0,Cleveland,Cavaliers,CLE,0,0,,,,,,0,0,,,,,,1
181,0021700291,240,4,0,2,7:54 PM,6:11,Covington REBOUND (Off:0 Def:1),,,,,4,203496,Robert Covington,1610612755.0,Philadelphia,76ers,PHI,0,0,,,,,,0,0,,,,,,1
182,0021700291,241,2,1,2,7:54 PM,6:06,MISS Covington 26' 3PT Jump Shot,,,,,4,203496,Robert Covington,1610612755.0,Philadelphia,76ers,PHI,0,0,,,,,,0,0,,,,,,1
183,0021700291,242,4,0,2,7:55 PM,6:02,Johnson REBOUND (Off:3 Def:1),,,,,4,101161,Amir Johnson,1610612755.0,Philadelphia,76ers,PHI,0,0,,,,,,0,0,,,,,,1
184,0021700291,243,2,80,2,7:55 PM,6:00,MISS Covington 3PT Step Back Jump Shot,,,,,4,203496,Robert Covington,1610612755.0,Philadelphia,76ers,PHI,0,0,,,,,,0,0,,,,,,1
185,0021700291,244,4,0,2,7:55 PM,6:00,,,Smith REBOUND (Off:0 Def:1),,,5,2747,JR Smith,1610612739.0,Cleveland,Cavaliers,CLE,0,0,,,,,,0,0,,,,,,1
186,0021700291,245,5,1,2,7:55 PM,5:46,Covington STEAL (1 STL),,James Bad Pass Turnover (P1.T2),,,5,2544,LeBron James,1610612739.0,Cleveland,Cavaliers,CLE,4,203496,Robert Covington,1610612755.0,Philadelphia,76ers,PHI,0,0,,,,,,1
187,0021700291,247,1,41,2,7:55 PM,5:43,McConnell 2' Running Layup (4 PTS),,,42 - 33,-9,4,204456,T.J. McConnell,1610612755.0,Philadelphia,76ers,PHI,0,0,,,,,,0,0,,,,,,1
188,0021700291,248,6,1,2,7:55 PM,5:33,Johnson P.FOUL (P2.T2) (S.Wright),,,,,4,101161,Amir Johnson,1610612755.0,Philadelphia,76ers,PHI,5,201567,Kevin Love,1610612739.0,Cleveland,Cavaliers,CLE,1,0,,,,,,1
189,0021700291,250,8,0,2,7:55 PM,5:33,,,SUB: Crowder FOR Green,,,5,201145,Jeff Green,1610612739.0,Cleveland,Cavaliers,CLE,5,203109,Jae Crowder,1610612739.0,Cleveland,Cavaliers,CLE,0,0,,,,,,0
190,0021700291,253,1,86,2,7:56 PM,5:19,,,James 15' Turnaround Fadeaway (17 PTS) (Wade 4 AST),44 - 33,-11,5,2544,LeBron James,1610612739.0,Cleveland,Cavaliers,CLE,5,2548,Dwyane Wade,1610612739.0,Cleveland,Cavaliers,CLE,0,0,,,,,,1
191,0021700291,255,2,79,2,7:56 PM,5:06,MISS McConnell 13' Pullup Jump Shot,,Wade BLOCK (1 BLK),,,4,204456,T.J. McConnell,1610612755.0,Philadelphia,76ers,PHI,0,0,,,,,,5,2548,Dwyane Wade,1610612739.0,Cleveland,Cavaliers,CLE,1
192,0021700291,257,4,0,2,7:56 PM,5:03,McConnell REBOUND (Off:1 Def:0),,,,,4,204456,T.J. McConnell,1610612755.0,Philadelphia,76ers,PHI,0,0,,,,,,0,0,,,,,,1
193,0021700291,258,5,11,2,7:56 PM,4:53,76ERS Turnover: Shot Clock (T#5),,,,,2,1610612755,,,,,,0,0,,,,,,1,0,,,,,,0
194,0021700291,259,5,45,2,7:57 PM,4:45,,,James Out of Bounds - Bad Pass Turnover Turnover (P2.T3),,,5,2544,LeBron James,1610612739.0,Cleveland,Cavaliers,CLE,0,0,,,,,,1,0,,,,,,1
195,0021700291,260,1,5,2,7:57 PM,4:35,Saric 1' Layup (4 PTS) (McConnell 1 AST),,,44 - 35,-9,4,203967,Dario Saric,1610612755.0,Philadelphia,76ers,PHI,4,204456,T.J. McConnell,1610612755.0,Philadelphia,76ers,PHI,0,0,,,,,,1
196,0021700291,262,1,5,2,7:57 PM,4:12,,,Love Layup (4 PTS) (James 2 AST),46 - 35,-11,5,201567,Kevin Love,1610612739.0,Cleveland,Cavaliers,CLE,5,2544,LeBron James,1610612739.0,Cleveland,Cavaliers,CLE,0,0,,,,,,1
197,0021700291,264,1,98,2,7:58 PM,3:54,Redick 1' Cutting Layup Shot (6 PTS) (Johnson 1 AST),,,46 - 37,-9,4,200755,JJ Redick,1610612755.0,Philadelphia,76ers,PHI,4,101161,Amir Johnson,1610612755.0,Philadelphia,76ers,PHI,0,0,,,,,,1
198,0021700291,266,5,45,2,7:58 PM,3:33,,,Crowder Out of Bounds - Bad Pass Turnover Turnover (P1.T4),,,5,203109,Jae Crowder,1610612739.0,Cleveland,Cavaliers,CLE,0,0,,,,,,1,0,,,,,,1
199,0021700291,267,8,0,2,7:58 PM,3:33,SUB: Embiid FOR Johnson,,,,,4,101161,Amir Johnson,1610612755.0,Philadelphia,76ers,PHI,4,203954,Joel Embiid,1610612755.0,Philadelphia,76ers,PHI,0,0,,,,,,0
200,0021700291,268,8,0,2,7:58 PM,3:33,SUB: Simmons FOR McConnell,,,,,4,204456,T.J. McConnell,1610612755.0,Philadelphia,76ers,PHI,4,1627732,Ben Simmons,1610612755.0,Philadelphia,76ers,PHI,0,0,,,,,,0
201,0021700291,269,8,0,2,7:58 PM,3:33,,,SUB: Calderon FOR Wade,,,5,2548,Dwyane Wade,1610612739.0,Cleveland,Cavaliers,CLE,5,101181,Jose Calderon,1610612739.0,Cleveland,Cavaliers,CLE,0,0,,,,,,0
202,0021700291,273,6,1,2,7:58 PM,3:24,,,Smith P.FOUL (P1.T3) (S.Wright),,,5,2747,JR Smith,1610612739.0,Cleveland,Cavaliers,CLE,4,200755,JJ Redick,1610612755.0,Philadelphia,76ers,PHI,1,0,,,,,,1
203,0021700291,275,2,52,2,7:59 PM,3:18,MISS Embiid 1' Alley Oop Dunk,,,,,4,203954,Joel Embiid,1610612755.0,Philadelphia,76ers,PHI,0,0,,,,,,0,0,,,,,,1
204,0021700291,278,4,0,2,7:59 PM,3:17,,,Cavaliers Rebound,,,3,1610612739,,,,,,0,0,,,,,,0,0,,,,,,0
205,0021700291,276,6,3,2,7:59 PM,3:17,Embiid L.B.FOUL (P1.T3) (C.Blair),,,,,4,203954,Joel Embiid,1610612755.0,Philadelphia,76ers,PHI,5,201567,Kevin Love,1610612739.0,Cleveland,Cavaliers,CLE,1,0,,,,,,1
206,0021700291,279,2,86,2,8:00 PM,2:54,,,MISS James 16' Turnaround Fadeaway Shot,,,5,2544,LeBron James,1610612739.0,Cleveland,Cavaliers,CLE,0,0,,,,,,0,0,,,,,,1
207,0021700291,280,4,0,2,8:00 PM,2:52,Embiid REBOUND (Off:1 Def:2),,,,,4,203954,Joel Embiid,1610612755.0,Philadelphia,76ers,PHI,0,0,,,,,,0,0,,,,,,1
208,0021700291,281,2,1,2,8:00 PM,2:35,MISS Covington 27' 3PT Jump Shot,,,,,4,203496,Robert Covington,1610612755.0,Philadelphia,76ers,PHI,0,0,,,,,,0,0,,,,,,1
209,0021700291,282,4,0,2,8:00 PM,2:30,,,Smith REBOUND (Off:0 Def:2),,,5,2747,JR Smith,1610612739.0,Cleveland,Cavaliers,CLE,0,0,,,,,,0,0,,,,,,1
210,0021700291,283,5,40,2,8:00 PM,2:25,,,Crowder Out of Bounds Lost Ball Turnover (P2.T5),,,5,203109,Jae Crowder,1610612739.0,Cleveland,Cavaliers,CLE,0,0,,,,,,1,0,,,,,,1
211,0021700291,284,6,1,2,8:01 PM,2:15,,,Calderon P.FOUL (P2.T4) (C.Blair),,,5,101181,Jose Calderon,1610612739.0,Cleveland,Cavaliers,CLE,4,203954,Joel Embiid,1610612755.0,Philadelphia,76ers,PHI,1,0,,,,,,1
212,0021700291,286,2,5,2,8:01 PM,2:06,MISS Embiid 1' Layup,,,,,4,203954,Joel Embiid,1610612755.0,Philadelphia,76ers,PHI,0,0,,,,,,0,0,,,,,,1
213,0021700291,287,4,0,2,8:01 PM,2:02,Saric REBOUND (Off:4 Def:2),,,,,4,203967,Dario Saric,1610612755.0,Philadelphia,76ers,PHI,0,0,,,,,,0,0,,,,,,1
214,0021700291,288,1,97,2,8:01 PM,2:02,Saric 1' Tip Layup Shot (6 PTS),,,46 - 39,-7,4,203967,Dario Saric,1610612755.0,Philadelphia,76ers,PHI,0,0,,,,,,0,0,,,,,,1
215,0021700291,289,1,5,2,8:01 PM,1:48,,,James 3' Layup (19 PTS),48 - 39,-9,5,2544,LeBron James,1610612739.0,Cleveland,Cavaliers,CLE,0,0,,,,,,0,0,,,,,,1
216,0021700291,290,2,75,2,8:02 PM,1:34,MISS Redick Driving Finger Roll Layup,,,,,4,200755,JJ Redick,1610612755.0,Philadelphia,76ers,PHI,0,0,,,,,,0,0,,,,,,1
217,0021700291,291,4,0,2,8:02 PM,1:30,Saric REBOUND (Off:5 Def:2),,,,,4,203967,Dario Saric,1610612755.0,Philadelphia,76ers,PHI,0,0,,,,,,0,0,,,,,,1
218,0021700291,292,1,72,2,8:02 PM,1:30,Saric 1' Putback Layup (8 PTS),,,48 - 41,-7,4,203967,Dario Saric,1610612755.0,Philadelphia,76ers,PHI,0,0,,,,,,0,0,,,,,,1
219,0021700291,293,2,1,2,8:02 PM,1:15,,,MISS Crowder 27' 3PT Jump Shot,,,5,203109,Jae Crowder,1610612739.0,Cleveland,Cavaliers,CLE,0,0,,,,,,0,0,,,,,,1
220,0021700291,294,4,0,2,8:02 PM,1:11,Covington REBOUND (Off:0 Def:2),,,,,4,203496,Robert Covington,1610612755.0,Philadelphia,76ers,PHI,0,0,,,,,,0,0,,,,,,1
221,0021700291,295,6,2,2,8:02 PM,1:03,,,Love S.FOUL (P1.PN) (K.Lane),,,5,201567,Kevin Love,1610612739.0,Cleveland,Cavaliers,CLE,4,203954,Joel Embiid,1610612755.0,Philadelphia,76ers,PHI,1,0,,,,,,1
222,0021700291,297,3,11,2,8:03 PM,1:03,Embiid Free Throw 1 of 2 (9 PTS),,,48 - 42,-6,4,203954,Joel Embiid,1610612755.0,Philadelphia,76ers,PHI,0,0,,,,,,0,0,,,,,,0
223,0021700291,298,8,0,2,8:03 PM,1:03,SUB: Bayless FOR Covington,,,,,4,203496,Robert Covington,1610612755.0,Philadelphia,76ers,PHI,4,201573,Jerryd Bayless,1610612755.0,Philadelphia,76ers,PHI,0,0,,,,,,0
224,0021700291,300,3,12,2,8:03 PM,1:03,Embiid Free Throw 2 of 2 (10 PTS),,,48 - 43,-5,4,203954,Joel Embiid,1610612755.0,Philadelphia,76ers,PHI,0,0,,,,,,0,0,,,,,,0
225,0021700291,301,6,1,2,8:03 PM,0:51,Embiid P.FOUL (P2.T4) (C.Blair),,,,,4,203954,Joel Embiid,1610612755.0,Philadelphia,76ers,PHI,5,201567,Kevin Love,1610612739.0,Cleveland,Cavaliers,CLE,1,0,,,,,,1
226,0021700291,303,1,7,2,8:04 PM,0:37,,,Smith 1' Dunk (2 PTS) (James 3 AST),50 - 43,-7,5,2747,JR Smith,1610612739.0,Cleveland,Cavaliers,CLE,5,2544,LeBron James,1610612739.0,Cleveland,Cavaliers,CLE,0,0,,,,,,1
227,0021700291,305,1,47,2,8:04 PM,0:25,Embiid 4' Turnaround Jump Shot (12 PTS) (Bayless 1 AST),,,50 - 45,-5,4,203954,Joel Embiid,1610612755.0,Philadelphia,76ers,PHI,4,201573,Jerryd Bayless,1610612755.0,Philadelphia,76ers,PHI,0,0,,,,,,1
228,0021700291,307,2,1,2,8:04 PM,0:03,,,MISS James 26' 3PT Jump Shot,,,5,2544,LeBron James,1610612739.0,Cleveland,Cavaliers,CLE,0,0,,,,,,0,0,,,,,,1
229,0021700291,308,4,0,2,8:04 PM,0:00,,,James REBOUND (Off:2 Def:6),,,5,2544,LeBron James,1610612739.0,Cleveland,Cavaliers,CLE,0,0,,,,,,0,0,,,,,,1
230,0021700291,309,1,1,2,8:04 PM,0:00,,,James 3PT Jump Shot (22 PTS),53 - 45,-8,5,2544,LeBron James,1610612739.0,Cleveland,Cavaliers,CLE,0,0,,,,,,0,0,,,,,,1
231,0021700291,311,18,0,2,8:05 PM,0:00,,Instant Replay2nd Period (8:05 PM EST),,53 - 45,-8,0,0,,,,,,0,0,,,,,,0,0,,,,,,0
232,0021700291,310,13,0,2,8:05 PM,0:00,,End of 2nd Period (8:05 PM EST),,53 - 45,-8,0,0,,,,,,0,0,,,,,,0,0,,,,,,1
233,0021700291,314,12,0,3,8:20 PM,12:00,,Start of 3rd Period (8:20 PM EST),,53 - 45,-8,0,0,,,,,,0,0,,,,,,0,0,,,,,,0
234,0021700291,315,2,1,3,8:21 PM,11:45,,,MISS Crowder 26' 3PT Jump Shot,,,5,203109,Jae Crowder,1610612739.0,Cleveland,Cavaliers,CLE,0,0,,,,,,0,0,,,,,,1
235,0021700291,316,4,0,3,8:21 PM,11:41,Embiid REBOUND (Off:1 Def:3),,,,,4,203954,Joel Embiid,1610612755.0,Philadelphia,76ers,PHI,0,0,,,,,,0,0,,,,,,1
236,0021700291,318,6,26,3,8:21 PM,11:34,Simmons Offensive Charge Foul (P2.T1) (S.Wright),,,,,4,1627732,Ben Simmons,1610612755.0,Philadelphia,76ers,PHI,5,2544,LeBron James,1610612739.0,Cleveland,Cavaliers,CLE,1,0,,,,,,1
237,0021700291,320,5,37,3,8:21 PM,11:34,Simmons Offensive Foul Turnover (P3.T6),,,,,4,1627732,Ben Simmons,1610612755.0,Philadelphia,76ers,PHI,0,0,,,,,,1,0,,,,,,1
238,0021700291,321,2,1,3,8:21 PM,11:19,,,MISS Love 27' 3PT Jump Shot,,,5,201567,Kevin Love,1610612739.0,Cleveland,Cavaliers,CLE,0,0,,,,,,0,0,,,,,,1
239,0021700291,322,4,0,3,8:21 PM,11:19,Covington REBOUND (Off:0 Def:3),,,,,4,203496,Robert Covington,1610612755.0,Philadelphia,76ers,PHI,0,0,,,,,,0,0,,,,,,1
240,0021700291,323,2,79,3,8:22 PM,11:08,MISS Covington 19' Pullup Jump Shot,,,,,4,203496,Robert Covington,1610612755.0,Philadelphia,76ers,PHI,0,0,,,,,,0,0,,,,,,1
241,0021700291,324,4,0,3,8:22 PM,11:06,,,Crowder REBOUND (Off:0 Def:2),,,5,203109,Jae Crowder,1610612739.0,Cleveland,Cavaliers,CLE,0,0,,,,,,0,0,,,,,,1
242,0021700291,325,1,79,3,8:22 PM,11:00,,,James 19' Pullup Jump Shot (24 PTS),55 - 45,-10,5,2544,LeBron James,1610612739.0,Cleveland,Cavaliers,CLE,0,0,,,,,,0,0,,,,,,1
243,0021700291,326,1,1,3,8:22 PM,10:45,Embiid 15' Jump Shot (14 PTS),,,55 - 47,-8,4,203954,Joel Embiid,1610612755.0,Philadelphia,76ers,PHI,0,0,,,,,,0,0,,,,,,1
244,0021700291,327,6,2,3,8:22 PM,10:45,,,Love S.FOUL (P2.T1) (S.Wright),,,5,201567,Kevin Love,1610612739.0,Cleveland,Cavaliers,CLE,4,203954,Joel Embiid,1610612755.0,Philadelphia,76ers,PHI,1,0,,,,,,1
245,0021700291,329,3,10,3,8:22 PM,10:45,Embiid Free Throw 1 of 1 (15 PTS),,,55 - 48,-7,4,203954,Joel Embiid,1610612755.0,Philadelphia,76ers,PHI,0,0,,,,,,0,0,,,,,,0
246,0021700291,330,1,1,3,8:23 PM,10:27,,,Smith 24' 3PT Jump Shot (5 PTS) (James 4 AST),58 - 48,-10,5,2747,JR Smith,1610612739.0,Cleveland,Cavaliers,CLE,5,2544,LeBron James,1610612739.0,Cleveland,Cavaliers,CLE,0,0,,,,,,1
247,0021700291,332,6,1,3,8:23 PM,10:11,,,Calderon P.FOUL (P3.T2) (K.Lane),,,5,101181,Jose Calderon,1610612739.0,Cleveland,Cavaliers,CLE,4,203496,Robert Covington,1610612755.0,Philadelphia,76ers,PHI,1,0,,,,,,1
248,0021700291,334,1,47,3,8:23 PM,10:02,Embiid Turnaround Jump Shot (17 PTS) (Covington 2 AST),,,58 - 50,-8,4,203954,Joel Embiid,1610612755.0,Philadelphia,76ers,PHI,4,203496,Robert Covington,1610612755.0,Philadelphia,76ers,PHI,0,0,,,,,,1
249,0021700291,336,2,1,3,8:24 PM,9:43,,,MISS James 22' Jump Shot,,,5,2544,LeBron James,1610612739.0,Cleveland,Cavaliers,CLE,0,0,,,,,,0,0,,,,,,1
250,0021700291,337,4,0,3,8:24 PM,9:40,,,Love REBOUND (Off:2 Def:1),,,5,201567,Kevin Love,1610612739.0,Cleveland,Cavaliers,CLE,0,0,,,,,,0,0,,,,,,1
251,0021700291,338,1,108,3,8:24 PM,9:37,,,James 2' Cutting Dunk Shot (26 PTS) (Love 1 AST),60 - 50,-10,5,2544,LeBron James,1610612739.0,Cleveland,Cavaliers,CLE,5,201567,Kevin Love,1610612739.0,Cleveland,Cavaliers,CLE,0,0,,,,,,1
252,0021700291,340,2,43,3,8:24 PM,9:28,MISS Saric Alley Oop Layup,,,,,4,203967,Dario Saric,1610612755.0,Philadelphia,76ers,PHI,0,0,,,,,,0,0,,,,,,1
253,0021700291,341,4,0,3,8:24 PM,9:25,,,James REBOUND (Off:2 Def:7),,,5,2544,LeBron James,1610612739.0,Cleveland,Cavaliers,CLE,0,0,,,,,,0,0,,,,,,1
254,0021700291,342,1,1,3,8:24 PM,9:21,,,Smith 26' 3PT Jump Shot (8 PTS) (Calderon 3 AST),63 - 50,-13,5,2747,JR Smith,1610612739.0,Cleveland,Cavaliers,CLE,5,101181,Jose Calderon,1610612739.0,Cleveland,Cavaliers,CLE,0,0,,,,,,1
255,0021700291,344,9,1,3,8:24 PM,9:20,76ERS Timeout: Regular (Full 4 Short 0),,,,,2,1610612755,,,,,,0,0,,,,,,0,0,,,,,,0
256,0021700291,345,1,79,3,8:27 PM,8:59,Covington 17' Pullup Jump Shot (2 PTS) (Simmons 2 AST),,,63 - 52,-11,4,203496,Robert Covington,1610612755.0,Philadelphia,76ers,PHI,4,1627732,Ben Simmons,1610612755.0,Philadelphia,76ers,PHI,0,0,,,,,,1
257,0021700291,347,5,2,3,8:28 PM,8:36,Simmons STEAL (2 STL),,Love Lost Ball Turnover (P1.T6),,,5,201567,Kevin Love,1610612739.0,Cleveland,Cavaliers,CLE,4,1627732,Ben Simmons,1610612755.0,Philadelphia,76ers,PHI,0,0,,,,,,1
258,0021700291,349,5,40,3,8:28 PM,8:29,Covington Out of Bounds Lost Ball Turnover (P1.T7),,,,,4,203496,Robert Covington,1610612755.0,Philadelphia,76ers,PHI,0,0,,,,,,1,0,,,,,,1
259,0021700291,350,1,1,3,8:28 PM,8:15,,,Smith 3PT Jump Shot (11 PTS) (Love 2 AST),66 - 52,-14,5,2747,JR Smith,1610612739.0,Cleveland,Cavaliers,CLE,5,201567,Kevin Love,1610612739.0,Cleveland,Cavaliers,CLE,0,0,,,,,,1
260,0021700291,352,2,57,3,8:28 PM,8:02,MISS Simmons 6' Driving Hook Shot,,,,,4,1627732,Ben Simmons,1610612755.0,Philadelphia,76ers,PHI,0,0,,,,,,0,0,,,,,,1
261,0021700291,353,4,0,3,8:28 PM,8:02,76ERS Rebound,,,,,2,1610612755,,,,,,0,0,,,,,,0,0,,,,,,0
262,0021700291,354,6,1,3,8:28 PM,8:02,,,Crowder P.FOUL (P2.T3) (S.Wright),,,5,203109,Jae Crowder,1610612739.0,Cleveland,Cavaliers,CLE,4,203954,Joel Embiid,1610612755.0,Philadelphia,76ers,PHI,1,0,,,,,,1
263,0021700291,356,8,0,3,8:29 PM,8:02,SUB: McConnell FOR Saric,,,,,4,203967,Dario Saric,1610612755.0,Philadelphia,76ers,PHI,4,204456,T.J. McConnell,1610612755.0,Philadelphia,76ers,PHI,0,0,,,,,,0
264,0021700291,358,1,1,3,8:29 PM,7:40,McConnell 24' 3PT Jump Shot (7 PTS) (Redick 3 AST),,,66 - 55,-11,4,204456,T.J. McConnell,1610612755.0,Philadelphia,76ers,PHI,4,200755,JJ Redick,1610612755.0,Philadelphia,76ers,PHI,0,0,,,,,,1
265,0021700291,360,5,45,3,8:29 PM,7:25,,,James Out of Bounds - Bad Pass Turnover Turnover (P3.T7),,,5,2544,LeBron James,1610612739.0,Cleveland,Cavaliers,CLE,0,0,,,,,,1,0,,,,,,1
266,0021700291,361,6,1,3,8:30 PM,7:21,,,Crowder P.FOUL (P3.T4) (K.Lane),,,5,203109,Jae Crowder,1610612739.0,Cleveland,Cavaliers,CLE,4,1627732,Ben Simmons,1610612755.0,Philadelphia,76ers,PHI,1,0,,,,,,1
267,0021700291,363,1,47,3,8:31 PM,7:08,Redick 26' 3PT Turnaround Jump Shot (9 PTS) (Covington 3 AST),,,66 - 58,-8,4,200755,JJ Redick,1610612755.0,Philadelphia,76ers,PHI,4,203496,Robert Covington,1610612755.0,Philadelphia,76ers,PHI,0,0,,,,,,1
268,0021700291,365,2,1,3,8:31 PM,6:53,,,MISS James 27' 3PT Jump Shot,,,5,2544,LeBron James,1610612739.0,Cleveland,Cavaliers,CLE,0,0,,,,,,0,0,,,,,,1
269,0021700291,366,4,0,3,8:31 PM,6:49,Embiid REBOUND (Off:1 Def:4),,,,,4,203954,Joel Embiid,1610612755.0,Philadelphia,76ers,PHI,0,0,,,,,,0,0,,,,,,1
270,0021700291,367,5,1,3,8:31 PM,6:36,Covington Bad Pass Turnover (P2.T8),,Calderon STEAL (1 STL),,,4,203496,Robert Covington,1610612755.0,Philadelphia,76ers,PHI,5,101181,Jose Calderon,1610612739.0,Cleveland,Cavaliers,CLE,0,0,,,,,,1
271,0021700291,369,2,2,3,8:31 PM,6:30,,,MISS Crowder 5' Running Jump Shot,,,5,203109,Jae Crowder,1610612739.0,Cleveland,Cavaliers,CLE,0,0,,,,,,0,0,,,,,,1
272,0021700291,370,4,0,3,8:31 PM,6:26,McConnell REBOUND (Off:1 Def:1),,,,,4,204456,T.J. McConnell,1610612755.0,Philadelphia,76ers,PHI,0,0,,,,,,0,0,,,,,,1
273,0021700291,371,2,1,3,8:31 PM,6:21,MISS Covington 27' 3PT Jump Shot,,,,,4,203496,Robert Covington,1610612755.0,Philadelphia,76ers,PHI,0,0,,,,,,0,0,,,,,,1
274,0021700291,372,4,0,3,8:32 PM,6:21,Embiid REBOUND (Off:2 Def:4),,,,,4,203954,Joel Embiid,1610612755.0,Philadelphia,76ers,PHI,0,0,,,,,,0,0,,,,,,1
275,0021700291,373,1,97,3,8:32 PM,6:17,Embiid 1' Tip Layup Shot (19 PTS),,,66 - 60,-6,4,203954,Joel Embiid,1610612755.0,Philadelphia,76ers,PHI,0,0,,,,,,0,0,,,,,,1
276,0021700291,374,9,1,3,8:32 PM,6:17,,,Cavaliers Timeout: Regular (Reg.2 Short 0),,,3,1610612739,,,,,,0,0,,,,,,0,0,,,,,,0
277,0021700291,375,1,1,3,8:35 PM,6:00,,,Love 26' 3PT Jump Shot (7 PTS) (Calderon 4 AST),69 - 60,-9,5,201567,Kevin Love,1610612739.0,Cleveland,Cavaliers,CLE,5,101181,Jose Calderon,1610612739.0,Cleveland,Cavaliers,CLE,0,0,,,,,,1
278,0021700291,377,2,79,3,8:35 PM,5:48,MISS McConnell 17' Pullup Jump Shot,,,,,4,204456,T.J. McConnell,1610612755.0,Philadelphia,76ers,PHI,0,0,,,,,,0,0,,,,,,1
279,0021700291,378,4,0,3,8:35 PM,5:45,,,James REBOUND (Off:2 Def:8),,,5,2544,LeBron James,1610612739.0,Cleveland,Cavaliers,CLE,0,0,,,,,,0,0,,,,,,1
280,0021700291,379,2,1,3,8:35 PM,5:40,,,MISS Love 27' 3PT Jump Shot,,,5,201567,Kevin Love,1610612739.0,Cleveland,Cavaliers,CLE,0,0,,,,,,0,0,,,,,,1
281,0021700291,380,4,0,3,8:35 PM,5:36,76ERS Rebound,,,,,2,1610612755,,,,,,0,0,,,,,,0,0,,,,,,1
282,0021700291,492,8,0,3,8:35 PM,5:35,SUB: Bayless FOR Redick,,,,,4,200755,JJ Redick,1610612755.0,Philadelphia,76ers,PHI,4,201573,Jerryd Bayless,1610612755.0,Philadelphia,76ers,PHI,0,0,,,,,,0
283,0021700291,493,8,0,3,8:35 PM,5:35,,,SUB: Wade FOR Calderon,,,5,101181,Jose Calderon,1610612739.0,Cleveland,Cavaliers,CLE,5,2548,Dwyane Wade,1610612739.0,Cleveland,Cavaliers,CLE,0,0,,,,,,0
284,0021700291,383,6,2,3,8:36 PM,5:20,,,Love S.FOUL (P3.PN) (C.Blair),,,5,201567,Kevin Love,1610612739.0,Cleveland,Cavaliers,CLE,4,203954,Joel Embiid,1610612755.0,Philadelphia,76ers,PHI,1,0,,,,,,1
285,0021700291,385,3,11,3,8:36 PM,5:20,Embiid Free Throw 1 of 2 (20 PTS),,,69 - 61,-8,4,203954,Joel Embiid,1610612755.0,Philadelphia,76ers,PHI,0,0,,,,,,0,0,,,,,,0
286,0021700291,461,8,0,3,8:36 PM,5:20,,,SUB: Green FOR Crowder,,,5,203109,Jae Crowder,1610612739.0,Cleveland,Cavaliers,CLE,5,201145,Jeff Green,1610612739.0,Cleveland,Cavaliers,CLE,0,0,,,,,,0
287,0021700291,388,3,12,3,8:37 PM,5:20,Embiid Free Throw 2 of 2 (21 PTS),,,69 - 62,-7,4,203954,Joel Embiid,1610612755.0,Philadelphia,76ers,PHI,0,0,,,,,,0,0,,,,,,0
288,0021700291,390,2,1,3,8:37 PM,5:05,,,MISS Love 14' Jump Shot,,,5,201567,Kevin Love,1610612739.0,Cleveland,Cavaliers,CLE,0,0,,,,,,0,0,,,,,,1
289,0021700291,391,4,0,3,8:37 PM,5:00,,,Green REBOUND (Off:2 Def:2),,,5,201145,Jeff Green,1610612739.0,Cleveland,Cavaliers,CLE,0,0,,,,,,0,0,,,,,,1
290,0021700291,392,2,72,3,8:37 PM,5:00,,,MISS Green 2' Putback Layup,,,5,201145,Jeff Green,1610612739.0,Cleveland,Cavaliers,CLE,0,0,,,,,,0,0,,,,,,1
291,0021700291,393,4,0,3,8:37 PM,4:56,,,Green REBOUND (Off:3 Def:2),,,5,201145,Jeff Green,1610612739.0,Cleveland,Cavaliers,CLE,0,0,,,,,,0,0,,,,,,1
292,0021700291,394,1,97,3,8:37 PM,4:56,,,Green 1' Tip Layup Shot (8 PTS),71 - 62,-9,5,201145,Jeff Green,1610612739.0,Cleveland,Cavaliers,CLE,0,0,,,,,,0,0,,,,,,1
293,0021700291,397,6,1,3,8:38 PM,4:48,,,Love P.FOUL (P4.PN) (S.Wright),,,5,201567,Kevin Love,1610612739.0,Cleveland,Cavaliers,CLE,4,203954,Joel Embiid,1610612755.0,Philadelphia,76ers,PHI,1,0,,,,,,0
294,0021700291,399,3,11,3,8:38 PM,4:48,Embiid Free Throw 1 of 2 (22 PTS),,,71 - 63,-8,4,203954,Joel Embiid,1610612755.0,Philadelphia,76ers,PHI,0,0,,,,,,0,0,,,,,,0
295,0021700291,467,8,0,3,8:38 PM,4:48,,,SUB: Frye FOR Love,,,5,201567,Kevin Love,1610612739.0,Cleveland,Cavaliers,CLE,5,101112,Channing Frye,1610612739.0,Cleveland,Cavaliers,CLE,0,0,,,,,,0
296,0021700291,402,3,12,3,8:38 PM,4:48,MISS Embiid Free Throw 2 of 2,,,,,4,203954,Joel Embiid,1610612755.0,Philadelphia,76ers,PHI,0,0,,,,,,0,0,,,,,,0
297,0021700291,403,4,0,3,8:38 PM,4:45,,,James REBOUND (Off:2 Def:9),,,5,2544,LeBron James,1610612739.0,Cleveland,Cavaliers,CLE,0,0,,,,,,0,0,,,,,,1
298,0021700291,473,8,0,3,8:39 PM,4:29,SUB: Redick FOR Simmons,,,,,4,1627732,Ben Simmons,1610612755.0,Philadelphia,76ers,PHI,4,200755,JJ Redick,1610612755.0,Philadelphia,76ers,PHI,0,0,,,,,,0
299,0021700291,474,8,0,3,8:39 PM,4:29,SUB: Saric FOR Covington,,,,,4,203496,Robert Covington,1610612755.0,Philadelphia,76ers,PHI,4,203967,Dario Saric,1610612755.0,Philadelphia,76ers,PHI,0,0,,,,,,0
300,0021700291,409,2,63,3,8:39 PM,4:24,,,MISS James 16' Fadeaway Jumper,,,5,2544,LeBron James,1610612739.0,Cleveland,Cavaliers,CLE,0,0,,,,,,0,0,,,,,,1
301,0021700291,410,4,0,3,8:39 PM,4:21,McConnell REBOUND (Off:1 Def:2),,,,,4,204456,T.J. McConnell,1610612755.0,Philadelphia,76ers,PHI,0,0,,,,,,0,0,,,,,,1
302,0021700291,411,1,79,3,8:39 PM,4:14,McConnell 16' Pullup Jump Shot (9 PTS),,,71 - 65,-6,4,204456,T.J. McConnell,1610612755.0,Philadelphia,76ers,PHI,0,0,,,,,,0,0,,,,,,1
303,0021700291,412,2,79,3,8:39 PM,3:56,,,MISS Smith 28' 3PT Pullup Jump Shot,,,5,2747,JR Smith,1610612739.0,Cleveland,Cavaliers,CLE,0,0,,,,,,0,0,,,,,,1
304,0021700291,413,4,0,3,8:39 PM,3:56,McConnell REBOUND (Off:1 Def:3),,,,,4,204456,T.J. McConnell,1610612755.0,Philadelphia,76ers,PHI,0,0,,,,,,0,0,,,,,,1
305,0021700291,414,2,98,3,8:40 PM,3:39,MISS Bayless 1' Cutting Layup Shot,,,,,4,201573,Jerryd Bayless,1610612755.0,Philadelphia,76ers,PHI,0,0,,,,,,0,0,,,,,,1
306,0021700291,415,4,0,3,8:40 PM,3:34,Embiid REBOUND (Off:3 Def:4),,,,,4,203954,Joel Embiid,1610612755.0,Philadelphia,76ers,PHI,0,0,,,,,,0,0,,,,,,1
307,0021700291,416,1,72,3,8:40 PM,3:34,Embiid 1' Putback Layup (24 PTS),,,71 - 67,-4,4,203954,Joel Embiid,1610612755.0,Philadelphia,76ers,PHI,0,0,,,,,,0,0,,,,,,1
308,0021700291,417,6,1,3,8:40 PM,3:25,McConnell P.FOUL (P1.T2) (C.Blair),,,,,4,204456,T.J. McConnell,1610612755.0,Philadelphia,76ers,PHI,5,2548,Dwyane Wade,1610612739.0,Cleveland,Cavaliers,CLE,1,0,,,,,,1
309,0021700291,481,8,0,3,8:40 PM,3:25,,,SUB: Korver FOR Smith,,,5,2747,JR Smith,1610612739.0,Cleveland,Cavaliers,CLE,5,2594,Kyle Korver,1610612739.0,Cleveland,Cavaliers,CLE,0,0,,,,,,0
310,0021700291,424,6,2,3,8:41 PM,3:19,Embiid S.FOUL (P3.T3) (K.Lane),,,,,4,203954,Joel Embiid,1610612755.0,Philadelphia,76ers,PHI,5,2548,Dwyane Wade,1610612739.0,Cleveland,Cavaliers,CLE,1,0,,,,,,1
311,0021700291,426,3,11,3,8:41 PM,3:19,,,Wade Free Throw 1 of 2 (13 PTS),72 - 67,-5,5,2548,Dwyane Wade,1610612739.0,Cleveland,Cavaliers,CLE,0,0,,,,,,0,0,,,,,,0
312,0021700291,427,3,12,3,8:42 PM,3:19,,,MISS Wade Free Throw 2 of 2,,,5,2548,Dwyane Wade,1610612739.0,Cleveland,Cavaliers,CLE,0,0,,,,,,0,0,,,,,,0
313,0021700291,428,4,0,3,8:42 PM,3:16,McConnell REBOUND (Off:1 Def:4),,,,,4,204456,T.J. McConnell,1610612755.0,Philadelphia,76ers,PHI,0,0,,,,,,0,0,,,,,,1
314,0021700291,429,1,6,3,8:42 PM,3:06,Embiid Driving Layup (26 PTS),,,72 - 69,-3,4,203954,Joel Embiid,1610612755.0,Philadelphia,76ers,PHI,0,0,,,,,,0,0,,,,,,1
315,0021700291,430,1,1,3,8:42 PM,2:53,,,Korver 25' 3PT Jump Shot (3 PTS) (James 5 AST),75 - 69,-6,5,2594,Kyle Korver,1610612739.0,Cleveland,Cavaliers,CLE,5,2544,LeBron James,1610612739.0,Cleveland,Cavaliers,CLE,0,0,,,,,,1
316,0021700291,432,2,1,3,8:42 PM,2:45,MISS Embiid 26' 3PT Jump Shot,,,,,4,203954,Joel Embiid,1610612755.0,Philadelphia,76ers,PHI,0,0,,,,,,0,0,,,,,,1
317,0021700291,433,4,0,3,8:42 PM,2:45,,,Wade REBOUND (Off:1 Def:2),,,5,2548,Dwyane Wade,1610612739.0,Cleveland,Cavaliers,CLE,0,0,,,,,,0,0,,,,,,1
318,0021700291,434,2,1,3,8:43 PM,2:23,,,MISS Wade 25' 3PT Jump Shot,,,5,2548,Dwyane Wade,1610612739.0,Cleveland,Cavaliers,CLE,0,0,,,,,,0,0,,,,,,1
319,0021700291,435,4,0,3,8:43 PM,2:18,,,James REBOUND (Off:3 Def:9),,,5,2544,LeBron James,1610612739.0,Cleveland,Cavaliers,CLE,0,0,,,,,,0,0,,,,,,1
320,0021700291,436,1,1,3,8:43 PM,2:12,,,Frye 26' 3PT Jump Shot (8 PTS) (James 6 AST),78 - 69,-9,5,101112,Channing Frye,1610612739.0,Cleveland,Cavaliers,CLE,5,2544,LeBron James,1610612739.0,Cleveland,Cavaliers,CLE,0,0,,,,,,1
321,0021700291,438,6,2,3,8:43 PM,1:49,,,Frye S.FOUL (P3.PN) (K.Lane),,,5,101112,Channing Frye,1610612739.0,Cleveland,Cavaliers,CLE,4,203954,Joel Embiid,1610612755.0,Philadelphia,76ers,PHI,1,0,,,,,,1
322,0021700291,440,3,11,3,8:44 PM,1:49,Embiid Free Throw 1 of 2 (27 PTS),,,78 - 70,-8,4,203954,Joel Embiid,1610612755.0,Philadelphia,76ers,PHI,0,0,,,,,,0,0,,,,,,0
323,0021700291,484,8,0,3,8:44 PM,1:49,SUB: Simmons FOR Saric,,,,,4,203967,Dario Saric,1610612755.0,Philadelphia,76ers,PHI,4,1627732,Ben Simmons,1610612755.0,Philadelphia,76ers,PHI,0,0,,,,,,0
324,0021700291,488,8,0,3,8:44 PM,1:49,,,SUB: Smith FOR James,,,5,2544,LeBron James,1610612739.0,Cleveland,Cavaliers,CLE,5,2747,JR Smith,1610612739.0,Cleveland,Cavaliers,CLE,0,0,,,,,,0
325,0021700291,445,3,12,3,8:44 PM,1:49,Embiid Free Throw 2 of 2 (28 PTS),,,78 - 71,-7,4,203954,Joel Embiid,1610612755.0,Philadelphia,76ers,PHI,0,0,,,,,,0,0,,,,,,0
326,0021700291,446,1,108,3,8:44 PM,1:29,,,Green Cutting Dunk Shot (10 PTS) (Smith 1 AST),80 - 71,-9,5,201145,Jeff Green,1610612739.0,Cleveland,Cavaliers,CLE,5,2747,JR Smith,1610612739.0,Cleveland,Cavaliers,CLE,0,0,,,,,,1
327,0021700291,448,5,40,3,8:45 PM,1:13,Redick Out of Bounds Lost Ball Turnover (P1.T9),,,,,4,200755,JJ Redick,1610612755.0,Philadelphia,76ers,PHI,0,0,,,,,,1,0,,,,,,1
328,0021700291,490,8,0,3,8:45 PM,1:13,SUB: Johnson FOR Embiid,,,,,4,203954,Joel Embiid,1610612755.0,Philadelphia,76ers,PHI,4,101161,Amir Johnson,1610612755.0,Philadelphia,76ers,PHI,0,0,,,,,,0
329,0021700291,451,6,2,3,8:45 PM,1:08,Simmons S.FOUL (P3.T4) (K.Lane),,,,,4,1627732,Ben Simmons,1610612755.0,Philadelphia,76ers,PHI,5,201145,Jeff Green,1610612739.0,Cleveland,Cavaliers,CLE,1,0,,,,,,1
330,0021700291,453,3,11,3,8:45 PM,1:08,,,Green Free Throw 1 of 2 (11 PTS),81 - 71,-10,5,201145,Jeff Green,1610612739.0,Cleveland,Cavaliers,CLE,0,0,,,,,,0,0,,,,,,0
331,0021700291,454,3,12,3,8:46 PM,1:08,,,Green Free Throw 2 of 2 (12 PTS),82 - 71,-11,5,201145,Jeff Green,1610612739.0,Cleveland,Cavaliers,CLE,0,0,,,,,,0,0,,,,,,0
332,0021700291,455,2,1,3,8:46 PM,0:52,MISS Redick 24' 3PT Jump Shot,,,,,4,200755,JJ Redick,1610612755.0,Philadelphia,76ers,PHI,0,0,,,,,,0,0,,,,,,1
333,0021700291,456,4,0,3,8:46 PM,0:49,,,Green REBOUND (Off:3 Def:3),,,5,201145,Jeff Green,1610612739.0,Cleveland,Cavaliers,CLE,0,0,,,,,,0,0,,,,,,1
334,0021700291,457,6,1,3,8:46 PM,0:41,Johnson P.FOUL (P3.PN) (K.Lane),,,,,4,101161,Amir Johnson,1610612755.0,Philadelphia,76ers,PHI,5,101112,Channing Frye,1610612739.0,Cleveland,Cavaliers,CLE,1,0,,,,,,1
335,0021700291,459,3,11,3,8:47 PM,0:41,,,Frye Free Throw 1 of 2 (9 PTS),83 - 71,-12,5,101112,Channing Frye,1610612739.0,Cleveland,Cavaliers,CLE,0,0,,,,,,0,0,,,,,,0
336,0021700291,460,3,12,3,8:47 PM,0:41,,,Frye Free Throw 2 of 2 (10 PTS),84 - 71,-13,5,101112,Channing Frye,1610612739.0,Cleveland,Cavaliers,CLE,0,0,,,,,,0,0,,,,,,0
337,0021700291,463,2,101,3,8:47 PM,0:33,MISS Simmons 7' Driving Floating Jump Shot,,,,,4,1627732,Ben Simmons,1610612755.0,Philadelphia,76ers,PHI,0,0,,,,,,0,0,,,,,,1
338,0021700291,464,4,0,3,8:47 PM,0:30,,,Green REBOUND (Off:3 Def:4),,,5,201145,Jeff Green,1610612739.0,Cleveland,Cavaliers,CLE,0,0,,,,,,0,0,,,,,,1
339,0021700291,465,1,44,3,8:47 PM,0:17,,,Wade 2' Reverse Layup (15 PTS) (Frye 1 AST),86 - 71,-15,5,2548,Dwyane Wade,1610612739.0,Cleveland,Cavaliers,CLE,5,101112,Channing Frye,1610612739.0,Cleveland,Cavaliers,CLE,0,0,,,,,,1
340,0021700291,469,2,78,3,8:48 PM,0:03,MISS Simmons 14' Floating Jump Shot,,,,,4,1627732,Ben Simmons,1610612755.0,Philadelphia,76ers,PHI,0,0,,,,,,0,0,,,,,,1
341,0021700291,470,4,0,3,8:48 PM,0:01,Johnson REBOUND (Off:4 Def:1),,,,,4,101161,Amir Johnson,1610612755.0,Philadelphia,76ers,PHI,0,0,,,,,,0,0,,,,,,1
342,0021700291,471,6,2,3,8:48 PM,0:00,,,Wade S.FOUL (P1.PN) (K.Lane),,,5,2548,Dwyane Wade,1610612739.0,Cleveland,Cavaliers,CLE,4,201573,Jerryd Bayless,1610612755.0,Philadelphia,76ers,PHI,1,0,,,,,,1
343,0021700291,477,3,13,3,8:48 PM,0:00,Bayless Free Throw 1 of 3 (3 PTS),,,86 - 72,-14,4,201573,Jerryd Bayless,1610612755.0,Philadelphia,76ers,PHI,0,0,,,,,,0,0,,,,,,0
344,0021700291,486,18,0,3,8:48 PM,0:00,,Instant Replay3rd Period (8:48 PM EST),,86 - 72,-14,0,0,,,,,,0,0,,,,,,0,0,,,,,,0
345,0021700291,478,3,14,3,8:48 PM,0:00,MISS Bayless Free Throw 2 of 3,,,,,4,201573,Jerryd Bayless,1610612755.0,Philadelphia,76ers,PHI,0,0,,,,,,0,0,,,,,,0
346,0021700291,479,4,1,3,8:48 PM,0:00,76ERS Rebound,,,,,2,1610612755,,,,,,0,0,,,,,,0,0,,,,,,0
347,0021700291,480,3,15,3,8:49 PM,0:00,Bayless Free Throw 3 of 3 (4 PTS),,,86 - 73,-13,4,201573,Jerryd Bayless,1610612755.0,Philadelphia,76ers,PHI,0,0,,,,,,0,0,,,,,,0
348,0021700291,487,13,0,3,8:50 PM,0:00,,End of 3rd Period (8:50 PM EST),,86 - 73,-13,0,0,,,,,,0,0,,,,,,0,0,,,,,,1
349,0021700291,502,12,0,4,8:52 PM,12:00,,Start of 4th Period (8:52 PM EST),,86 - 73,-13,0,0,,,,,,0,0,,,,,,0,0,,,,,,0
350,0021700291,503,5,1,4,8:52 PM,11:49,Redick Bad Pass Turnover (P2.T10),,Frye STEAL (2 STL),,,4,200755,JJ Redick,1610612755.0,Philadelphia,76ers,PHI,5,101112,Channing Frye,1610612739.0,Cleveland,Cavaliers,CLE,0,0,,,,,,1
351,0021700291,505,2,104,4,8:52 PM,11:43,,,MISS Wade 16' Step Back Bank Jump Shot,,,5,2548,Dwyane Wade,1610612739.0,Cleveland,Cavaliers,CLE,0,0,,,,,,0,0,,,,,,1
352,0021700291,506,4,0,4,8:52 PM,11:41,Saric REBOUND (Off:5 Def:3),,,,,4,203967,Dario Saric,1610612755.0,Philadelphia,76ers,PHI,0,0,,,,,,0,0,,,,,,1
353,0021700291,507,2,80,4,8:52 PM,11:27,MISS Embiid 15' Step Back Jump Shot,,,,,4,203954,Joel Embiid,1610612755.0,Philadelphia,76ers,PHI,0,0,,,,,,0,0,,,,,,1
354,0021700291,508,4,0,4,8:52 PM,11:24,Simmons REBOUND (Off:1 Def:5),,,,,4,1627732,Ben Simmons,1610612755.0,Philadelphia,76ers,PHI,0,0,,,,,,0,0,,,,,,1
355,0021700291,509,2,1,4,8:52 PM,11:21,MISS Covington 27' 3PT Jump Shot,,,,,4,203496,Robert Covington,1610612755.0,Philadelphia,76ers,PHI,0,0,,,,,,0,0,,,,,,1
356,0021700291,510,4,0,4,8:52 PM,11:21,Simmons REBOUND (Off:2 Def:5),,,,,4,1627732,Ben Simmons,1610612755.0,Philadelphia,76ers,PHI,0,0,,,,,,0,0,,,,,,1
357,0021700291,511,1,87,4,8:52 PM,11:16,Simmons 1' Putback Dunk (8 PTS),,,86 - 75,-11,4,1627732,Ben Simmons,1610612755.0,Philadelphia,76ers,PHI,0,0,,,,,,0,0,,,,,,1
358,0021700291,512,5,2,4,8:53 PM,11:00,Simmons STEAL (3 STL),,Wade Lost Ball Turnover (P1.T8),,,5,2548,Dwyane Wade,1610612739.0,Cleveland,Cavaliers,CLE,4,1627732,Ben Simmons,1610612755.0,Philadelphia,76ers,PHI,0,0,,,,,,1
359,0021700291,514,1,50,4,8:53 PM,10:51,Simmons 1' Running Dunk (10 PTS) (Covington 4 AST),,,86 - 77,-9,4,1627732,Ben Simmons,1610612755.0,Philadelphia,76ers,PHI,4,203496,Robert Covington,1610612755.0,Philadelphia,76ers,PHI,0,0,,,,,,1
360,0021700291,516,2,1,4,8:53 PM,10:32,,,MISS Green 23' Jump Shot,,,5,201145,Jeff Green,1610612739.0,Cleveland,Cavaliers,CLE,0,0,,,,,,0,0,,,,,,1
361,0021700291,517,4,0,4,8:53 PM,10:29,Covington REBOUND (Off:0 Def:4),,,,,4,203496,Robert Covington,1610612755.0,Philadelphia,76ers,PHI,0,0,,,,,,0,0,,,,,,1
362,0021700291,518,2,79,4,8:53 PM,10:25,MISS Covington 26' 3PT Pullup Jump Shot,,,,,4,203496,Robert Covington,1610612755.0,Philadelphia,76ers,PHI,0,0,,,,,,0,0,,,,,,1
363,0021700291,519,4,0,4,8:53 PM,10:22,,,Smith REBOUND (Off:0 Def:3),,,5,2747,JR Smith,1610612739.0,Cleveland,Cavaliers,CLE,0,0,,,,,,0,0,,,,,,1
364,0021700291,520,6,1,4,8:53 PM,10:21,Embiid P.FOUL (P4.T1) (C.Blair),,,,,4,203954,Joel Embiid,1610612755.0,Philadelphia,76ers,PHI,5,2747,JR Smith,1610612739.0,Cleveland,Cavaliers,CLE,1,0,,,,,,1
365,0021700291,522,1,1,4,8:54 PM,10:12,,,Korver 25' 3PT Jump Shot (6 PTS) (Wade 5 AST),89 - 77,-12,5,2594,Kyle Korver,1610612739.0,Cleveland,Cavaliers,CLE,5,2548,Dwyane Wade,1610612739.0,Cleveland,Cavaliers,CLE,0,0,,,,,,1
366,0021700291,524,6,1,4,8:54 PM,10:00,,,Frye P.FOUL (P4.T1) (K.Lane),,,5,101112,Channing Frye,1610612739.0,Cleveland,Cavaliers,CLE,4,203496,Robert Covington,1610612755.0,Philadelphia,76ers,PHI,1,0,,,,,,1
367,0021700291,526,5,1,4,8:55 PM,9:51,Embiid Bad Pass Turnover (P1.T11),,Korver STEAL (1 STL),,,4,203954,Joel Embiid,1610612755.0,Philadelphia,76ers,PHI,5,2594,Kyle Korver,1610612739.0,Cleveland,Cavaliers,CLE,0,0,,,,,,1
368,0021700291,528,1,41,4,8:55 PM,9:47,,,Frye 3' Running Layup (12 PTS) (Korver 1 AST),91 - 77,-14,5,101112,Channing Frye,1610612739.0,Cleveland,Cavaliers,CLE,5,2594,Kyle Korver,1610612739.0,Cleveland,Cavaliers,CLE,0,0,,,,,,1
369,0021700291,530,9,1,4,8:55 PM,9:47,76ERS Timeout: Regular (Full 5 Short 0),,,,,2,1610612755,,,,,,0,0,,,,,,0,0,,,,,,0
370,0021700291,531,2,1,4,8:58 PM,9:37,MISS Redick 17' Jump Shot,,,,,4,200755,JJ Redick,1610612755.0,Philadelphia,76ers,PHI,0,0,,,,,,0,0,,,,,,1
371,0021700291,532,4,0,4,8:58 PM,9:34,,,Frye REBOUND (Off:0 Def:3),,,5,101112,Channing Frye,1610612739.0,Cleveland,Cavaliers,CLE,0,0,,,,,,0,0,,,,,,1
372,0021700291,533,1,1,4,8:58 PM,9:13,,,Korver 26' 3PT Jump Shot (9 PTS) (Frye 2 AST),94 - 77,-17,5,2594,Kyle Korver,1610612739.0,Cleveland,Cavaliers,CLE,5,101112,Channing Frye,1610612739.0,Cleveland,Cavaliers,CLE,0,0,,,,,,1
373,0021700291,535,2,6,4,8:58 PM,8:57,MISS Redick 1' Driving Layup,,Green BLOCK (1 BLK),,,4,200755,JJ Redick,1610612755.0,Philadelphia,76ers,PHI,0,0,,,,,,5,201145,Jeff Green,1610612739.0,Cleveland,Cavaliers,CLE,1
374,0021700291,536,4,0,4,8:59 PM,8:50,Embiid REBOUND (Off:4 Def:4),,,,,4,203954,Joel Embiid,1610612755.0,Philadelphia,76ers,PHI,0,0,,,,,,0,0,,,,,,1
375,0021700291,537,1,87,4,8:59 PM,8:50,Embiid 1' Putback Dunk (30 PTS),,,94 - 79,-15,4,203954,Joel Embiid,1610612755.0,Philadelphia,76ers,PHI,0,0,,,,,,0,0,,,,,,1
376,0021700291,539,5,1,4,8:59 PM,8:28,Redick STEAL (1 STL),,Wade Bad Pass Turnover (P2.T9),,,5,2548,Dwyane Wade,1610612739.0,Cleveland,Cavaliers,CLE,4,200755,JJ Redick,1610612755.0,Philadelphia,76ers,PHI,0,0,,,,,,1
377,0021700291,541,6,1,4,8:59 PM,8:26,,,Korver P.FOUL (P1.T2) (C.Blair),,,5,2594,Kyle Korver,1610612739.0,Cleveland,Cavaliers,CLE,4,200755,JJ Redick,1610612755.0,Philadelphia,76ers,PHI,1,0,,,,,,1
378,0021700291,543,8,0,4,8:59 PM,8:26,,,SUB: James FOR Smith,,,5,2747,JR Smith,1610612739.0,Cleveland,Cavaliers,CLE,5,2544,LeBron James,1610612739.0,Cleveland,Cavaliers,CLE,0,0,,,,,,0
379,0021700291,545,2,1,4,9:00 PM,8:12,MISS Embiid 17' Jump Shot,,,,,4,203954,Joel Embiid,1610612755.0,Philadelphia,76ers,PHI,0,0,,,,,,0,0,,,,,,1
380,0021700291,546,4,0,4,9:00 PM,8:10,,,James REBOUND (Off:3 Def:10),,,5,2544,LeBron James,1610612739.0,Cleveland,Cavaliers,CLE,0,0,,,,,,0,0,,,,,,1
381,0021700291,547,2,6,4,9:00 PM,8:05,,,MISS James 1' Driving Layup,,,5,2544,LeBron James,1610612739.0,Cleveland,Cavaliers,CLE,0,0,,,,,,0,0,,,,,,1
382,0021700291,548,4,0,4,9:00 PM,8:03,Saric REBOUND (Off:5 Def:4),,,,,4,203967,Dario Saric,1610612755.0,Philadelphia,76ers,PHI,0,0,,,,,,0,0,,,,,,1
383,0021700291,549,2,79,4,9:00 PM,7:58,MISS Covington 28' 3PT Pullup Jump Shot,,,,,4,203496,Robert Covington,1610612755.0,Philadelphia,76ers,PHI,0,0,,,,,,0,0,,,,,,1
384,0021700291,550,4,0,4,9:00 PM,7:58,,,James REBOUND (Off:3 Def:11),,,5,2544,LeBron James,1610612739.0,Cleveland,Cavaliers,CLE,0,0,,,,,,0,0,,,,,,1
385,0021700291,551,2,1,4,9:00 PM,7:50,,,MISS Wade 7' Jump Shot,,,5,2548,Dwyane Wade,1610612739.0,Cleveland,Cavaliers,CLE,0,0,,,,,,0,0,,,,,,1
386,0021700291,552,4,0,4,9:00 PM,7:48,Embiid REBOUND (Off:4 Def:5),,,,,4,203954,Joel Embiid,1610612755.0,Philadelphia,76ers,PHI,0,0,,,,,,0,0,,,,,,1
387,0021700291,553,2,96,4,9:00 PM,7:33,MISS Embiid 6' Turnaround Bank Hook Shot,,,,,4,203954,Joel Embiid,1610612755.0,Philadelphia,76ers,PHI,0,0,,,,,,0,0,,,,,,1
388,0021700291,554,4,0,4,9:00 PM,7:30,,,Green REBOUND (Off:3 Def:5),,,5,201145,Jeff Green,1610612739.0,Cleveland,Cavaliers,CLE,0,0,,,,,,0,0,,,,,,1
389,0021700291,555,2,1,4,9:00 PM,7:26,,,MISS Frye 24' 3PT Jump Shot,,,5,101112,Channing Frye,1610612739.0,Cleveland,Cavaliers,CLE,0,0,,,,,,0,0,,,,,,1
390,0021700291,556,4,0,4,9:01 PM,7:22,Embiid REBOUND (Off:4 Def:6),,,,,4,203954,Joel Embiid,1610612755.0,Philadelphia,76ers,PHI,0,0,,,,,,0,0,,,,,,1
391,0021700291,557,2,78,4,9:01 PM,7:10,MISS Simmons 5' Floating Jump Shot,,,,,4,1627732,Ben Simmons,1610612755.0,Philadelphia,76ers,PHI,0,0,,,,,,0,0,,,,,,1
392,0021700291,558,4,0,4,9:01 PM,7:07,Embiid REBOUND (Off:5 Def:6),,,,,4,203954,Joel Embiid,1610612755.0,Philadelphia,76ers,PHI,0,0,,,,,,0,0,,,,,,1
393,0021700291,559,2,5,4,9:01 PM,7:07,MISS Embiid 1' Layup,,Wade BLOCK (2 BLK),,,4,203954,Joel Embiid,1610612755.0,Philadelphia,76ers,PHI,0,0,,,,,,5,2548,Dwyane Wade,1610612739.0,Cleveland,Cavaliers,CLE,1
394,0021700291,561,4,0,4,9:01 PM,7:07,,,Green REBOUND (Off:3 Def:6),,,5,201145,Jeff Green,1610612739.0,Cleveland,Cavaliers,CLE,0,0,,,,,,0,0,,,,,,1
395,0021700291,562,1,1,4,9:01 PM,6:47,,,James 22' Jump Shot (28 PTS),96 - 79,-17,5,2544,LeBron James,1610612739.0,Cleveland,Cavaliers,CLE,0,0,,,,,,0,0,,,,,,1
396,0021700291,563,9,1,4,9:01 PM,6:45,76ERS Timeout: Regular (Full 6 Short 0),,,,,2,1610612755,,,,,,0,0,,,,,,0,0,,,,,,0
397,0021700291,564,8,0,4,9:02 PM,6:45,SUB: McConnell FOR Embiid,,,,,4,203954,Joel Embiid,1610612755.0,Philadelphia,76ers,PHI,4,204456,T.J. McConnell,1610612755.0,Philadelphia,76ers,PHI,0,0,,,,,,0
398,0021700291,565,8,0,4,9:02 PM,6:45,,,SUB: Love FOR Frye,,,5,101112,Channing Frye,1610612739.0,Cleveland,Cavaliers,CLE,5,201567,Kevin Love,1610612739.0,Cleveland,Cavaliers,CLE,0,0,,,,,,0
399,0021700291,568,2,1,4,9:04 PM,6:34,MISS Saric 25' 3PT Jump Shot,,,,,4,203967,Dario Saric,1610612755.0,Philadelphia,76ers,PHI,0,0,,,,,,0,0,,,,,,1
400,0021700291,569,4,0,4,9:04 PM,6:30,,,Wade REBOUND (Off:1 Def:3),,,5,2548,Dwyane Wade,1610612739.0,Cleveland,Cavaliers,CLE,0,0,,,,,,0,0,,,,,,1
401,0021700291,570,2,108,4,9:05 PM,6:15,,,MISS Wade 1' Cutting Dunk Shot,,,5,2548,Dwyane Wade,1610612739.0,Cleveland,Cavaliers,CLE,0,0,,,,,,0,0,,,,,,1
402,0021700291,571,4,0,4,9:05 PM,6:12,McConnell REBOUND (Off:1 Def:5),,,,,4,204456,T.J. McConnell,1610612755.0,Philadelphia,76ers,PHI,0,0,,,,,,0,0,,,,,,1
403,0021700291,572,2,1,4,9:05 PM,6:07,MISS Covington 25' 3PT Jump Shot,,,,,4,203496,Robert Covington,1610612755.0,Philadelphia,76ers,PHI,0,0,,,,,,0,0,,,,,,1
404,0021700291,573,4,0,4,9:05 PM,6:03,Saric REBOUND (Off:6 Def:4),,,,,4,203967,Dario Saric,1610612755.0,Philadelphia,76ers,PHI,0,0,,,,,,0,0,,,,,,1
405,0021700291,574,2,1,4,9:05 PM,6:00,MISS Covington 24' 3PT Jump Shot,,,,,4,203496,Robert Covington,1610612755.0,Philadelphia,76ers,PHI,0,0,,,,,,0,0,,,,,,1
406,0021700291,575,4,0,4,9:05 PM,6:00,Simmons REBOUND (Off:3 Def:5),,,,,4,1627732,Ben Simmons,1610612755.0,Philadelphia,76ers,PHI,0,0,,,,,,0,0,,,,,,1
407,0021700291,576,2,1,4,9:05 PM,5:57,MISS McConnell 24' 3PT Jump Shot,,,,,4,204456,T.J. McConnell,1610612755.0,Philadelphia,76ers,PHI,0,0,,,,,,0,0,,,,,,1
408,0021700291,577,4,0,4,9:05 PM,5:57,76ERS Rebound,,,,,2,1610612755,,,,,,0,0,,,,,,0,0,,,,,,0
409,0021700291,578,6,2,4,9:05 PM,5:51,,,Korver S.FOUL (P2.T3) (K.Lane),,,5,2594,Kyle Korver,1610612739.0,Cleveland,Cavaliers,CLE,4,200755,JJ Redick,1610612755.0,Philadelphia,76ers,PHI,1,0,,,,,,1
410,0021700291,580,3,11,4,9:06 PM,5:51,Redick Free Throw 1 of 2 (10 PTS),,,96 - 80,-16,4,200755,JJ Redick,1610612755.0,Philadelphia,76ers,PHI,0,0,,,,,,0,0,,,,,,0
411,0021700291,581,3,12,4,9:06 PM,5:51,Redick Free Throw 2 of 2 (11 PTS),,,96 - 81,-15,4,200755,JJ Redick,1610612755.0,Philadelphia,76ers,PHI,0,0,,,,,,0,0,,,,,,0
412,0021700291,582,1,1,4,9:06 PM,5:36,,,Love 3PT Jump Shot (10 PTS) (Green 1 AST),99 - 81,-18,5,201567,Kevin Love,1610612739.0,Cleveland,Cavaliers,CLE,5,201145,Jeff Green,1610612739.0,Cleveland,Cavaliers,CLE,0,0,,,,,,1
413,0021700291,584,5,1,4,9:07 PM,5:21,Simmons Bad Pass Turnover (P4.T12),,Love STEAL (1 STL),,,4,1627732,Ben Simmons,1610612755.0,Philadelphia,76ers,PHI,5,201567,Kevin Love,1610612739.0,Cleveland,Cavaliers,CLE,0,0,,,,,,1
414,0021700291,586,6,1,4,9:07 PM,5:09,Saric P.FOUL (P1.T2) (C.Blair),,,,,4,203967,Dario Saric,1610612755.0,Philadelphia,76ers,PHI,5,2594,Kyle Korver,1610612739.0,Cleveland,Cavaliers,CLE,1,0,,,,,,1
415,0021700291,588,8,0,4,9:07 PM,5:09,SUB: Luwawu-Cabarrot FOR Simmons,,,,,4,1627732,Ben Simmons,1610612755.0,Philadelphia,76ers,PHI,4,1627789,Timothe Luwawu-Cabarrot,1610612755.0,Philadelphia,76ers,PHI,0,0,,,,,,0
416,0021700291,590,1,71,4,9:07 PM,5:06,,,James 2' Finger Roll Layup (30 PTS) (Green 2 AST),101 - 81,-20,5,2544,LeBron James,1610612739.0,Cleveland,Cavaliers,CLE,5,201145,Jeff Green,1610612739.0,Cleveland,Cavaliers,CLE,0,0,,,,,,1
417,0021700291,592,9,1,4,9:07 PM,5:05,76ERS Timeout: Regular (Full 7 Short 0),,,,,2,1610612755,,,,,,0,0,,,,,,0,0,,,,,,0
418,0021700291,593,8,0,4,9:08 PM,5:05,SUB: Bayless FOR Redick,,,,,4,200755,JJ Redick,1610612755.0,Philadelphia,76ers,PHI,4,201573,Jerryd Bayless,1610612755.0,Philadelphia,76ers,PHI,0,0,,,,,,0
419,0021700291,595,8,0,4,9:09 PM,5:05,,,SUB: Smith FOR Wade,,,5,2548,Dwyane Wade,1610612739.0,Cleveland,Cavaliers,CLE,5,2747,JR Smith,1610612739.0,Cleveland,Cavaliers,CLE,0,0,,,,,,0
420,0021700291,597,5,45,4,9:09 PM,4:51,Covington Out of Bounds - Bad Pass Turnover Turnover (P3.T13),,,,,4,203496,Robert Covington,1610612755.0,Philadelphia,76ers,PHI,0,0,,,,,,1,0,,,,,,1
421,0021700291,598,6,2,4,9:09 PM,4:39,Saric S.FOUL (P2.T3) (K.Lane),,,,,4,203967,Dario Saric,1610612755.0,Philadelphia,76ers,PHI,5,201567,Kevin Love,1610612739.0,Cleveland,Cavaliers,CLE,1,0,,,,,,1
422,0021700291,600,3,13,4,9:10 PM,4:39,,,Love Free Throw 1 of 3 (11 PTS),102 - 81,-21,5,201567,Kevin Love,1610612739.0,Cleveland,Cavaliers,CLE,0,0,,,,,,0,0,,,,,,0
423,0021700291,601,3,14,4,9:10 PM,4:39,,,Love Free Throw 2 of 3 (12 PTS),103 - 81,-22,5,201567,Kevin Love,1610612739.0,Cleveland,Cavaliers,CLE,0,0,,,,,,0,0,,,,,,0
424,0021700291,602,8,0,4,9:10 PM,4:39,SUB: Holmes FOR Covington,,,,,4,203496,Robert Covington,1610612755.0,Philadelphia,76ers,PHI,4,1626158,Richaun Holmes,1610612755.0,Philadelphia,76ers,PHI,0,0,,,,,,0
425,0021700291,603,8,0,4,9:10 PM,4:39,,,SUB: Holland FOR James,,,5,2544,LeBron James,1610612739.0,Cleveland,Cavaliers,CLE,5,204066,John Holland,1610612739.0,Cleveland,Cavaliers,CLE,0,0,,,,,,0
426,0021700291,604,8,0,4,9:10 PM,4:39,,,SUB: Osman FOR Korver,,,5,2594,Kyle Korver,1610612739.0,Cleveland,Cavaliers,CLE,5,1626224,Cedi Osman,1610612739.0,Cleveland,Cavaliers,CLE,0,0,,,,,,0
427,0021700291,605,8,0,4,9:10 PM,4:39,,,SUB: Calderon FOR Smith,,,5,2747,JR Smith,1610612739.0,Cleveland,Cavaliers,CLE,5,101181,Jose Calderon,1610612739.0,Cleveland,Cavaliers,CLE,0,0,,,,,,0
428,0021700291,610,3,15,4,9:11 PM,4:39,,,Love Free Throw 3 of 3 (13 PTS),104 - 81,-23,5,201567,Kevin Love,1610612739.0,Cleveland,Cavaliers,CLE,0,0,,,,,,0,0,,,,,,0
429,0021700291,611,6,28,4,9:11 PM,4:38,,,Calderon Personal Take Foul (P4.T4) (C.Blair),,,5,101181,Jose Calderon,1610612739.0,Cleveland,Cavaliers,CLE,4,204456,T.J. McConnell,1610612755.0,Philadelphia,76ers,PHI,1,0,,,,,,1
430,0021700291,613,8,0,4,9:11 PM,4:38,,,SUB: Zizic FOR Love,,,5,201567,Kevin Love,1610612739.0,Cleveland,Cavaliers,CLE,5,1627790,Ante Zizic,1610612739.0,Cleveland,Cavaliers,CLE,0,0,,,,,,0
431,0021700291,615,8,0,4,9:11 PM,4:38,SUB: Korkmaz FOR Saric,,,,,4,203967,Dario Saric,1610612755.0,Philadelphia,76ers,PHI,4,1627788,Furkan Korkmaz,1610612755.0,Philadelphia,76ers,PHI,0,0,,,,,,0
432,0021700291,617,5,1,4,9:11 PM,4:21,Luwawu-Cabarrot Bad Pass Turnover (P1.T14),,Calderon STEAL (2 STL),,,4,1627789,Timothe Luwawu-Cabarrot,1610612755.0,Philadelphia,76ers,PHI,5,101181,Jose Calderon,1610612739.0,Cleveland,Cavaliers,CLE,0,0,,,,,,1
433,0021700291,619,1,1,4,9:11 PM,4:17,,,Holland 26' 3PT Jump Shot (3 PTS) (Calderon 5 AST),107 - 81,-26,5,204066,John Holland,1610612739.0,Cleveland,Cavaliers,CLE,5,101181,Jose Calderon,1610612739.0,Cleveland,Cavaliers,CLE,0,0,,,,,,1
434,0021700291,621,2,1,4,9:12 PM,4:05,MISS Luwawu-Cabarrot 26' 3PT Jump Shot,,,,,4,1627789,Timothe Luwawu-Cabarrot,1610612755.0,Philadelphia,76ers,PHI,0,0,,,,,,0,0,,,,,,1
435,0021700291,622,4,0,4,9:12 PM,4:02,,,Osman REBOUND (Off:0 Def:1),,,5,1626224,Cedi Osman,1610612739.0,Cleveland,Cavaliers,CLE,0,0,,,,,,0,0,,,,,,1
436,0021700291,623,2,6,4,9:12 PM,3:55,,,MISS Green 2' Driving Layup,,,5,201145,Jeff Green,1610612739.0,Cleveland,Cavaliers,CLE,0,0,,,,,,0,0,,,,,,1
437,0021700291,624,4,0,4,9:12 PM,3:50,,,Green REBOUND (Off:4 Def:6),,,5,201145,Jeff Green,1610612739.0,Cleveland,Cavaliers,CLE,0,0,,,,,,0,0,,,,,,1
438,0021700291,625,1,72,4,9:12 PM,3:50,,,Green 1' Putback Layup (14 PTS),109 - 81,-28,5,201145,Jeff Green,1610612739.0,Cleveland,Cavaliers,CLE,0,0,,,,,,0,0,,,,,,1
439,0021700291,626,2,1,4,9:12 PM,3:37,MISS Holmes 25' 3PT Jump Shot,,,,,4,1626158,Richaun Holmes,1610612755.0,Philadelphia,76ers,PHI,0,0,,,,,,0,0,,,,,,1
440,0021700291,627,4,0,4,9:12 PM,3:33,,,Osman REBOUND (Off:0 Def:2),,,5,1626224,Cedi Osman,1610612739.0,Cleveland,Cavaliers,CLE,0,0,,,,,,0,0,,,,,,1
441,0021700291,628,5,2,4,9:12 PM,3:15,Holmes STEAL (1 STL),,Zizic Lost Ball Turnover (P1.T10),,,5,1627790,Ante Zizic,1610612739.0,Cleveland,Cavaliers,CLE,4,1626158,Richaun Holmes,1610612755.0,Philadelphia,76ers,PHI,0,0,,,,,,1
442,0021700291,630,6,1,4,9:13 PM,3:13,,,Osman P.FOUL (P1.PN) (K.Lane),,,5,1626224,Cedi Osman,1610612739.0,Cleveland,Cavaliers,CLE,4,1627789,Timothe Luwawu-Cabarrot,1610612755.0,Philadelphia,76ers,PHI,1,0,,,,,,1
443,0021700291,632,3,11,4,9:13 PM,3:13,MISS Luwawu-Cabarrot Free Throw 1 of 2,,,,,4,1627789,Timothe Luwawu-Cabarrot,1610612755.0,Philadelphia,76ers,PHI,0,0,,,,,,0,0,,,,,,0
444,0021700291,633,4,1,4,9:13 PM,3:13,76ERS Rebound,,,,,2,1610612755,,,,,,0,0,,,,,,0,0,,,,,,0
445,0021700291,634,3,12,4,9:13 PM,3:13,Luwawu-Cabarrot Free Throw 2 of 2 (5 PTS),,,109 - 82,-27,4,1627789,Timothe Luwawu-Cabarrot,1610612755.0,Philadelphia,76ers,PHI,0,0,,,,,,0,0,,,,,,0
446,0021700291,635,1,79,4,9:13 PM,2:58,,,Osman 18' Pullup Jump Shot (2 PTS),111 - 82,-29,5,1626224,Cedi Osman,1610612739.0,Cleveland,Cavaliers,CLE,0,0,,,,,,0,0,,,,,,1
447,0021700291,636,1,73,4,9:14 PM,2:47,McConnell 1' Driving Reverse Layup (11 PTS),,,111 - 84,-27,4,204456,T.J. McConnell,1610612755.0,Philadelphia,76ers,PHI,0,0,,,,,,0,0,,,,,,1
448,0021700291,637,1,108,4,9:14 PM,2:23,,,Zizic 1' Cutting Dunk Shot (2 PTS) (Green 3 AST),113 - 84,-29,5,1627790,Ante Zizic,1610612739.0,Cleveland,Cavaliers,CLE,5,201145,Jeff Green,1610612739.0,Cleveland,Cavaliers,CLE,0,0,,,,,,1
449,0021700291,639,2,6,4,9:14 PM,2:13,MISS Luwawu-Cabarrot 1' Driving Layup,,,,,4,1627789,Timothe Luwawu-Cabarrot,1610612755.0,Philadelphia,76ers,PHI,0,0,,,,,,0,0,,,,,,1
450,0021700291,640,4,0,4,9:14 PM,2:12,Luwawu-Cabarrot REBOUND (Off:2 Def:2),,,,,4,1627789,Timothe Luwawu-Cabarrot,1610612755.0,Philadelphia,76ers,PHI,0,0,,,,,,0,0,,,,,,1
451,0021700291,641,6,2,4,9:14 PM,2:12,,,Zizic S.FOUL (P1.PN) (S.Wright),,,5,1627790,Ante Zizic,1610612739.0,Cleveland,Cavaliers,CLE,4,1627789,Timothe Luwawu-Cabarrot,1610612755.0,Philadelphia,76ers,PHI,1,0,,,,,,1
452,0021700291,643,3,11,4,9:15 PM,2:12,Luwawu-Cabarrot Free Throw 1 of 2 (6 PTS),,,113 - 85,-28,4,1627789,Timothe Luwawu-Cabarrot,1610612755.0,Philadelphia,76ers,PHI,0,0,,,,,,0,0,,,,,,0
453,0021700291,644,3,12,4,9:15 PM,2:12,Luwawu-Cabarrot Free Throw 2 of 2 (7 PTS),,,113 - 86,-27,4,1627789,Timothe Luwawu-Cabarrot,1610612755.0,Philadelphia,76ers,PHI,0,0,,,,,,0,0,,,,,,0
454,0021700291,645,2,79,4,9:15 PM,2:00,,,MISS Holland 19' Pullup Jump Shot,,,5,204066,John Holland,1610612739.0,Cleveland,Cavaliers,CLE,0,0,,,,,,0,0,,,,,,1
455,0021700291,646,4,0,4,9:15 PM,1:56,Luwawu-Cabarrot REBOUND (Off:2 Def:3),,,,,4,1627789,Timothe Luwawu-Cabarrot,1610612755.0,Philadelphia,76ers,PHI,0,0,,,,,,0,0,,,,,,1
456,0021700291,647,1,1,4,9:15 PM,1:49,Luwawu-Cabarrot 27' 3PT Jump Shot (10 PTS) (McConnell 2 AST),,,113 - 89,-24,4,1627789,Timothe Luwawu-Cabarrot,1610612755.0,Philadelphia,76ers,PHI,4,204456,T.J. McConnell,1610612755.0,Philadelphia,76ers,PHI,0,0,,,,,,1
457,0021700291,649,5,40,4,9:15 PM,1:37,,,Green Out of Bounds Lost Ball Turnover (P1.T11),,,5,201145,Jeff Green,1610612739.0,Cleveland,Cavaliers,CLE,0,0,,,,,,0,0,,,,,,1
458,0021700291,650,2,1,4,9:16 PM,1:25,MISS Korkmaz 28' 3PT Jump Shot,,,,,4,1627788,Furkan Korkmaz,1610612755.0,Philadelphia,76ers,PHI,0,0,,,,,,0,0,,,,,,1
459,0021700291,651,4,0,4,9:16 PM,1:23,,,Osman REBOUND (Off:0 Def:3),,,5,1626224,Cedi Osman,1610612739.0,Cleveland,Cavaliers,CLE,0,0,,,,,,0,0,,,,,,1
460,0021700291,652,2,79,4,9:16 PM,1:16,,,MISS Osman 20' Pullup Jump Shot,,,5,1626224,Cedi Osman,1610612739.0,Cleveland,Cavaliers,CLE,0,0,,,,,,0,0,,,,,,1
461,0021700291,653,4,0,4,9:16 PM,1:13,Holmes REBOUND (Off:0 Def:1),,,,,4,1626158,Richaun Holmes,1610612755.0,Philadelphia,76ers,PHI,0,0,,,,,,0,0,,,,,,1
462,0021700291,654,2,6,4,9:16 PM,1:05,MISS Holmes 1' Driving Layup,,,,,4,1626158,Richaun Holmes,1610612755.0,Philadelphia,76ers,PHI,0,0,,,,,,0,0,,,,,,1
463,0021700291,655,4,0,4,9:16 PM,1:03,,,Osman REBOUND (Off:0 Def:4),,,5,1626224,Cedi Osman,1610612739.0,Cleveland,Cavaliers,CLE,0,0,,,,,,0,0,,,,,,1
464,0021700291,656,2,1,4,9:16 PM,0:41,,,MISS Green 29' 3PT Jump Shot,,,5,201145,Jeff Green,1610612739.0,Cleveland,Cavaliers,CLE,0,0,,,,,,0,0,,,,,,1
465,0021700291,657,4,0,4,9:17 PM,0:38,Bayless REBOUND (Off:0 Def:1),,,,,4,201573,Jerryd Bayless,1610612755.0,Philadelphia,76ers,PHI,0,0,,,,,,0,0,,,,,,1
466,0021700291,658,1,75,4,9:17 PM,0:32,Luwawu-Cabarrot Driving Finger Roll Layup (12 PTS) (McConnell 3 AST),,,113 - 91,-22,4,1627789,Timothe Luwawu-Cabarrot,1610612755.0,Philadelphia,76ers,PHI,4,204456,T.J. McConnell,1610612755.0,Philadelphia,76ers,PHI,0,0,,,,,,1
467,0021700291,660,5,11,4,9:17 PM,0:14,,,Cavaliers Turnover: Shot Clock (T#12),,,3,1610612739,,,,,,0,0,,,,,,1,0,,,,,,0
468,0021700291,661,2,79,4,9:17 PM,0:03,MISS Korkmaz 26' 3PT Pullup Jump Shot,,,,,4,1627788,Furkan Korkmaz,1610612755.0,Philadelphia,76ers,PHI,0,0,,,,,,0,0,,,,,,1
469,0021700291,662,4,0,4,9:17 PM,0:00,,,Osman REBOUND (Off:0 Def:5),,,5,1626224,Cedi Osman,1610612739.0,Cleveland,Cavaliers,CLE,0,0,,,,,,0,0,,,,,,1
470,0021700291,663,13,0,4,9:18 PM,0:00,,End of 4th Period (9:18 PM EST),,113 - 91,-22,0,0,,,,,,0,0,,,,,,0,0,,,,,,1
