,GAME_ID,EVENTNUM,EVENTMSGTYPE,EVENTMSGACTIONTYPE,PERIOD,WCTIMESTRING,PCTIMESTRING,HOMEDESCRIPTION,NEUTRALDESCRIPTION,VISITORDESCRIPTION,SCORE,SCOREMARGIN,PERSON1TYPE,PLAYER1_ID,PLAYER1_NAME,PLAYER1_TEAM_ID,PLAYER1_TEAM_CITY,PLAYER1_TEAM_NICKNAME,PLAYER1_TEAM_ABBREVIATION,PERSON2TYPE,PLAYER2_ID,PLAYER2_NAME,PLAYER2_TEAM_ID,PLAYER2_TEAM_CITY,PLAYER2_TEAM_NICKNAME,PLAYER2_TEAM_ABBREVIATION,PERSON3TYPE,PLAYER3_ID,PLAYER3_NAME,PLAYER3_TEAM_ID,PLAYER3_TEAM_CITY,PLAYER3_TEAM_NICKNAME,PLAYER3_TEAM_ABBREVIATION,VIDEO_AVAILABLE_FLAG
0,0021700229,2,12,0,1,7:10 PM,12:00,,Start of 1st Period (7:10 PM EST),,,,0,0,,,,,,0,0,,,,,,0,0,,,,,,0
1,0021700229,4,10,0,1,7:10 PM,12:00,Jump Ball Vucevic vs. Favors: Tip to Payton,,,,,4,202696,Nikola Vucevic,1610612753.0,Orlando,Magic,ORL,5,202324,Derrick Favors,1610612762.0,Utah,Jazz,UTA,4,203901,Elfrid Payton,1610612753.0,Orlando,Magic,ORL,1
2,0021700229,7,5,1,1,7:11 PM,11:44,Payton Bad Pass Turnover (P1.T1),,Mitchell STEAL (1 STL),,,4,203901,Elfrid Payton,1610612753.0,Orlando,Magic,ORL,5,1628378,Donovan Mitchell,1610612762.0,Utah,Jazz,UTA,0,0,,,,,,1
3,0021700229,9,2,6,1,7:11 PM,11:23,,,MISS Rubio 4' Driving Layup,,,5,201937,Ricky Rubio,1610612762.0,Utah,Jazz,UTA,0,0,,,,,,0,0,,,,,,1
4,0021700229,10,4,0,1,7:11 PM,11:19,,,Rubio REBOUND (Off:1 Def:0),,,5,201937,Ricky Rubio,1610612762.0,Utah,Jazz,UTA,0,0,,,,,,0,0,,,,,,1
5,0021700229,11,1,1,1,7:11 PM,11:09,,,Favors 14' Jump Shot (2 PTS) (Rubio 1 AST),2 - 0,-2,5,202324,Derrick Favors,1610612762.0,Utah,Jazz,UTA,5,201937,Ricky Rubio,1610612762.0,Utah,Jazz,UTA,0,0,,,,,,1
6,0021700229,13,1,58,1,7:11 PM,10:52,Vucevic 9' Turnaround Hook Shot (2 PTS),,,2 - 2,TIE,4,202696,Nikola Vucevic,1610612753.0,Orlando,Magic,ORL,0,0,,,,,,0,0,,,,,,1
7,0021700229,14,1,6,1,7:12 PM,10:32,,,Mitchell 2' Driving Layup (2 PTS) (Favors 1 AST),4 - 2,-2,5,1628378,Donovan Mitchell,1610612762.0,Utah,Jazz,UTA,5,202324,Derrick Favors,1610612762.0,Utah,Jazz,UTA,0,0,,,,,,1
8,0021700229,15,5,39,1,7:12 PM,10:26,Ross Step Out of Bounds Turnover (P1.T2),,,,,4,203082,Terrence Ross,1610612753.0,Orlando,Magic,ORL,0,0,,,,,,1,0,,,,,,1
9,0021700229,17,1,2,1,7:12 PM,10:06,,,Jerebko 8' Running Jump Shot (2 PTS) (Ingles 1 AST),6 - 2,-4,5,201973,Jonas Jerebko,1610612762.0,Utah,Jazz,UTA,5,204060,Joe Ingles,1610612762.0,Utah,Jazz,UTA,0,0,,,,,,1
10,0021700229,19,6,1,1,7:13 PM,9:56,,,Rubio P.FOUL (P1.T1) (J.Capers),,,5,201937,Ricky Rubio,1610612762.0,Utah,Jazz,UTA,4,203901,Elfrid Payton,1610612753.0,Orlando,Magic,ORL,1,0,,,,,,1
11,0021700229,21,2,1,1,7:13 PM,9:48,MISS Fournier 25' 3PT Jump Shot,,,,,4,203095,Evan Fournier,1610612753.0,Orlando,Magic,ORL,0,0,,,,,,0,0,,,,,,1
12,0021700229,22,4,0,1,7:13 PM,9:43,,,Favors REBOUND (Off:0 Def:1),,,5,202324,Derrick Favors,1610612762.0,Utah,Jazz,UTA,0,0,,,,,,0,0,,,,,,1
13,0021700229,23,6,2,1,7:13 PM,9:38,Payton S.FOUL (P1.T1) (J.Capers),,,,,4,203901,Elfrid Payton,1610612753.0,Orlando,Magic,ORL,5,201937,Ricky Rubio,1610612762.0,Utah,Jazz,UTA,1,0,,,,,,1
14,0021700229,25,3,11,1,7:14 PM,9:38,,,Rubio Free Throw 1 of 2 (1 PTS),7 - 2,-5,5,201937,Ricky Rubio,1610612762.0,Utah,Jazz,UTA,0,0,,,,,,0,0,,,,,,0
15,0021700229,26,3,12,1,7:14 PM,9:38,,,Rubio Free Throw 2 of 2 (2 PTS),8 - 2,-6,5,201937,Ricky Rubio,1610612762.0,Utah,Jazz,UTA,0,0,,,,,,0,0,,,,,,0
16,0021700229,27,2,78,1,7:14 PM,9:29,MISS Payton 10' Floating Jump Shot,,,,,4,203901,Elfrid Payton,1610612753.0,Orlando,Magic,ORL,0,0,,,,,,0,0,,,,,,1
17,0021700229,28,4,0,1,7:14 PM,9:25,Vucevic REBOUND (Off:1 Def:0),,,,,4,202696,Nikola Vucevic,1610612753.0,Orlando,Magic,ORL,0,0,,,,,,0,0,,,,,,1
18,0021700229,29,2,5,1,7:14 PM,9:24,MISS Gordon 4' Layup,,,,,4,203932,Aaron Gordon,1610612753.0,Orlando,Magic,ORL,0,0,,,,,,0,0,,,,,,1
19,0021700229,30,4,0,1,7:14 PM,9:23,Gordon REBOUND (Off:1 Def:0),,,,,4,203932,Aaron Gordon,1610612753.0,Orlando,Magic,ORL,0,0,,,,,,0,0,,,,,,1
20,0021700229,31,1,97,1,7:14 PM,9:23,Gordon 1' Tip Layup Shot (2 PTS),,,8 - 4,-4,4,203932,Aaron Gordon,1610612753.0,Orlando,Magic,ORL,0,0,,,,,,0,0,,,,,,1
21,0021700229,32,6,2,1,7:14 PM,9:09,Vucevic S.FOUL (P1.T2) (J.Sterling),,,,,4,202696,Nikola Vucevic,1610612753.0,Orlando,Magic,ORL,5,202324,Derrick Favors,1610612762.0,Utah,Jazz,UTA,1,0,,,,,,1
22,0021700229,34,3,11,1,7:15 PM,9:09,,,Favors Free Throw 1 of 2 (3 PTS),9 - 4,-5,5,202324,Derrick Favors,1610612762.0,Utah,Jazz,UTA,0,0,,,,,,0,0,,,,,,0
23,0021700229,35,3,12,1,7:15 PM,9:09,,,Favors Free Throw 2 of 2 (4 PTS),10 - 4,-6,5,202324,Derrick Favors,1610612762.0,Utah,Jazz,UTA,0,0,,,,,,0,0,,,,,,0
24,0021700229,36,1,1,1,7:15 PM,8:55,Fournier 26' 3PT Jump Shot (3 PTS),,,10 - 7,-3,4,203095,Evan Fournier,1610612753.0,Orlando,Magic,ORL,0,0,,,,,,0,0,,,,,,1
25,0021700229,37,2,1,1,7:16 PM,8:40,,,MISS Ingles 3PT Jump Shot,,,5,204060,Joe Ingles,1610612762.0,Utah,Jazz,UTA,0,0,,,,,,0,0,,,,,,1
26,0021700229,38,4,0,1,7:16 PM,8:37,Gordon REBOUND (Off:1 Def:1),,,,,4,203932,Aaron Gordon,1610612753.0,Orlando,Magic,ORL,0,0,,,,,,0,0,,,,,,1
27,0021700229,39,1,79,1,7:16 PM,8:33,Gordon 18' Pullup Jump Shot (4 PTS),,,10 - 9,-1,4,203932,Aaron Gordon,1610612753.0,Orlando,Magic,ORL,0,0,,,,,,0,0,,,,,,1
28,0021700229,40,1,79,1,7:16 PM,8:18,,,Rubio 19' Pullup Jump Shot (4 PTS),12 - 9,-3,5,201937,Ricky Rubio,1610612762.0,Utah,Jazz,UTA,0,0,,,,,,0,0,,,,,,1
29,0021700229,42,2,1,1,7:16 PM,8:07,MISS Fournier 21' Jump Shot,,,,,4,203095,Evan Fournier,1610612753.0,Orlando,Magic,ORL,0,0,,,,,,0,0,,,,,,1
30,0021700229,43,4,0,1,7:16 PM,8:04,,,Ingles REBOUND (Off:0 Def:1),,,5,204060,Joe Ingles,1610612762.0,Utah,Jazz,UTA,0,0,,,,,,0,0,,,,,,1
31,0021700229,44,2,1,1,7:17 PM,7:47,,,MISS Rubio 27' 3PT Jump Shot,,,5,201937,Ricky Rubio,1610612762.0,Utah,Jazz,UTA,0,0,,,,,,0,0,,,,,,1
32,0021700229,45,4,0,1,7:17 PM,7:44,Vucevic REBOUND (Off:1 Def:1),,,,,4,202696,Nikola Vucevic,1610612753.0,Orlando,Magic,ORL,0,0,,,,,,0,0,,,,,,1
33,0021700229,46,6,1,1,7:17 PM,7:36,,,Rubio P.FOUL (P2.T2) (J.Capers),,,5,201937,Ricky Rubio,1610612762.0,Utah,Jazz,UTA,4,202696,Nikola Vucevic,1610612753.0,Orlando,Magic,ORL,1,0,,,,,,1
34,0021700229,48,9,1,1,7:18 PM,7:36,MAGIC Timeout: Regular (Full 1 Short 0),,,,,2,1610612753,,,,,,0,0,,,,,,0,0,,,,,,0
35,0021700229,49,1,79,1,7:21 PM,7:23,Gordon 19' Pullup Jump Shot (6 PTS),,,12 - 11,-1,4,203932,Aaron Gordon,1610612753.0,Orlando,Magic,ORL,0,0,,,,,,0,0,,,,,,1
36,0021700229,50,1,79,1,7:21 PM,7:06,,,Rubio 22' Pullup Jump Shot (6 PTS) (Ingles 2 AST),14 - 11,-3,5,201937,Ricky Rubio,1610612762.0,Utah,Jazz,UTA,5,204060,Joe Ingles,1610612762.0,Utah,Jazz,UTA,0,0,,,,,,1
37,0021700229,52,2,78,1,7:21 PM,6:54,MISS Ross 7' Floating Jump Shot,,Favors BLOCK (1 BLK),,,4,203082,Terrence Ross,1610612753.0,Orlando,Magic,ORL,0,0,,,,,,5,202324,Derrick Favors,1610612762.0,Utah,Jazz,UTA,1
38,0021700229,54,4,0,1,7:21 PM,6:49,,,Favors REBOUND (Off:0 Def:2),,,5,202324,Derrick Favors,1610612762.0,Utah,Jazz,UTA,0,0,,,,,,0,0,,,,,,1
39,0021700229,55,5,1,1,7:21 PM,6:47,Payton STEAL (1 STL),,Mitchell Bad Pass Turnover (P1.T1),,,5,1628378,Donovan Mitchell,1610612762.0,Utah,Jazz,UTA,4,203901,Elfrid Payton,1610612753.0,Orlando,Magic,ORL,0,0,,,,,,1
40,0021700229,57,6,26,1,7:21 PM,6:44,Gordon Offensive Charge Foul (P1.T3) (K.Scott),,,,,4,203932,Aaron Gordon,1610612753.0,Orlando,Magic,ORL,5,204060,Joe Ingles,1610612762.0,Utah,Jazz,UTA,1,0,,,,,,1
41,0021700229,59,5,37,1,7:21 PM,6:44,Gordon Offensive Foul Turnover (P1.T3),,,,,4,203932,Aaron Gordon,1610612753.0,Orlando,Magic,ORL,0,0,,,,,,1,0,,,,,,1
42,0021700229,60,6,11,1,7:22 PM,6:44,Gordon T.FOUL (P1.T3) (K.Scott),,,,,4,203932,Aaron Gordon,1610612753.0,Orlando,Magic,ORL,0,0,,,,,,1,0,,,,,,1
43,0021700229,61,3,16,1,7:22 PM,6:44,,,Mitchell Free Throw Technical (3 PTS),15 - 11,-4,5,1628378,Donovan Mitchell,1610612762.0,Utah,Jazz,UTA,0,0,,,,,,0,0,,,,,,0
44,0021700229,62,8,0,1,7:22 PM,6:44,,,SUB: Hood FOR Rubio,,,5,201937,Ricky Rubio,1610612762.0,Utah,Jazz,UTA,5,203918,Rodney Hood,1610612762.0,Utah,Jazz,UTA,0,0,,,,,,0
45,0021700229,64,5,1,1,7:22 PM,6:33,Vucevic STEAL (1 STL),,Ingles Bad Pass Turnover (P1.T2),,,5,204060,Joe Ingles,1610612762.0,Utah,Jazz,UTA,4,202696,Nikola Vucevic,1610612753.0,Orlando,Magic,ORL,0,0,,,,,,1
46,0021700229,66,2,1,1,7:23 PM,6:21,MISS Gordon 24' 3PT Jump Shot,,,,,4,203932,Aaron Gordon,1610612753.0,Orlando,Magic,ORL,0,0,,,,,,0,0,,,,,,1
47,0021700229,67,4,0,1,7:23 PM,6:17,,,Hood REBOUND (Off:0 Def:1),,,5,203918,Rodney Hood,1610612762.0,Utah,Jazz,UTA,0,0,,,,,,0,0,,,,,,1
48,0021700229,68,2,6,1,7:23 PM,6:03,,,MISS Mitchell 4' Driving Layup,,,5,1628378,Donovan Mitchell,1610612762.0,Utah,Jazz,UTA,0,0,,,,,,0,0,,,,,,1
49,0021700229,69,4,0,1,7:23 PM,5:58,,,Favors REBOUND (Off:1 Def:2),,,5,202324,Derrick Favors,1610612762.0,Utah,Jazz,UTA,0,0,,,,,,0,0,,,,,,1
50,0021700229,70,1,107,1,7:23 PM,5:58,,,Favors 1' Tip Dunk Shot (6 PTS),17 - 11,-6,5,202324,Derrick Favors,1610612762.0,Utah,Jazz,UTA,0,0,,,,,,0,0,,,,,,1
51,0021700229,71,2,1,1,7:23 PM,5:49,MISS Fournier 18' Jump Shot,,,,,4,203095,Evan Fournier,1610612753.0,Orlando,Magic,ORL,0,0,,,,,,0,0,,,,,,1
52,0021700229,72,4,0,1,7:23 PM,5:49,,,Jerebko REBOUND (Off:0 Def:1),,,5,201973,Jonas Jerebko,1610612762.0,Utah,Jazz,UTA,0,0,,,,,,0,0,,,,,,1
53,0021700229,73,2,79,1,7:23 PM,5:32,,,MISS Ingles 19' Pullup Jump Shot,,,5,204060,Joe Ingles,1610612762.0,Utah,Jazz,UTA,0,0,,,,,,0,0,,,,,,1
54,0021700229,74,4,0,1,7:23 PM,5:30,Gordon REBOUND (Off:1 Def:2),,,,,4,203932,Aaron Gordon,1610612753.0,Orlando,Magic,ORL,0,0,,,,,,0,0,,,,,,1
55,0021700229,75,1,1,1,7:24 PM,5:23,Gordon 14' Jump Shot (8 PTS),,,17 - 13,-4,4,203932,Aaron Gordon,1610612753.0,Orlando,Magic,ORL,0,0,,,,,,0,0,,,,,,1
56,0021700229,76,6,1,1,7:24 PM,5:10,Fournier P.FOUL (P1.T4) (J.Capers),,,,,4,203095,Evan Fournier,1610612753.0,Orlando,Magic,ORL,5,204060,Joe Ingles,1610612762.0,Utah,Jazz,UTA,1,0,,,,,,1
57,0021700229,78,8,0,1,7:24 PM,5:10,SUB: Simmons FOR Ross,,,,,4,203082,Terrence Ross,1610612753.0,Orlando,Magic,ORL,4,203613,Jonathon Simmons,1610612753.0,Orlando,Magic,ORL,0,0,,,,,,0
58,0021700229,79,8,0,1,7:24 PM,5:10,,,SUB: Sefolosha FOR Jerebko,,,5,201973,Jonas Jerebko,1610612762.0,Utah,Jazz,UTA,5,200757,Thabo Sefolosha,1610612762.0,Utah,Jazz,UTA,0,0,,,,,,0
59,0021700229,82,5,2,1,7:24 PM,4:54,Vucevic STEAL (2 STL),,Hood Lost Ball Turnover (P1.T3),,,5,203918,Rodney Hood,1610612762.0,Utah,Jazz,UTA,4,202696,Nikola Vucevic,1610612753.0,Orlando,Magic,ORL,0,0,,,,,,1
60,0021700229,84,1,74,1,7:25 PM,4:46,Payton 4' Running Reverse Layup (2 PTS) (Fournier 1 AST),,,17 - 15,-2,4,203901,Elfrid Payton,1610612753.0,Orlando,Magic,ORL,4,203095,Evan Fournier,1610612753.0,Orlando,Magic,ORL,0,0,,,,,,1
61,0021700229,86,2,1,1,7:25 PM,4:23,,,MISS Sefolosha 19' Jump Shot,,,5,200757,Thabo Sefolosha,1610612762.0,Utah,Jazz,UTA,0,0,,,,,,0,0,,,,,,1
62,0021700229,87,4,0,1,7:25 PM,4:19,Payton REBOUND (Off:0 Def:1),,,,,4,203901,Elfrid Payton,1610612753.0,Orlando,Magic,ORL,0,0,,,,,,0,0,,,,,,1
63,0021700229,88,6,2,1,7:25 PM,4:17,,,Favors S.FOUL (P1.T3) (J.Sterling),,,5,202324,Derrick Favors,1610612762.0,Utah,Jazz,UTA,4,203095,Evan Fournier,1610612753.0,Orlando,Magic,ORL,1,0,,,,,,1
64,0021700229,90,3,10,1,7:25 PM,4:17,Fournier Free Throw 1 of 1 (4 PTS),,,17 - 16,-1,4,203095,Evan Fournier,1610612753.0,Orlando,Magic,ORL,0,0,,,,,,0,0,,,,,,0
65,0021700229,91,8,0,1,7:26 PM,4:17,,,SUB: Burks FOR Ingles,,,5,204060,Joe Ingles,1610612762.0,Utah,Jazz,UTA,5,202692,Alec Burks,1610612762.0,Utah,Jazz,UTA,0,0,,,,,,0
66,0021700229,93,3,12,1,7:26 PM,4:17,Fournier Free Throw 2 of 2 (5 PTS),,,17 - 17,TIE,4,203095,Evan Fournier,1610612753.0,Orlando,Magic,ORL,0,0,,,,,,0,0,,,,,,0
67,0021700229,94,1,1,1,7:26 PM,4:05,,,Mitchell 27' 3PT Jump Shot (6 PTS) (Favors 2 AST),20 - 17,-3,5,1628378,Donovan Mitchell,1610612762.0,Utah,Jazz,UTA,5,202324,Derrick Favors,1610612762.0,Utah,Jazz,UTA,0,0,,,,,,1
68,0021700229,96,1,1,1,7:26 PM,3:55,Vucevic 26' 3PT Jump Shot (5 PTS) (Payton 1 AST),,,20 - 20,TIE,4,202696,Nikola Vucevic,1610612753.0,Orlando,Magic,ORL,4,203901,Elfrid Payton,1610612753.0,Orlando,Magic,ORL,0,0,,,,,,1
69,0021700229,98,1,5,1,7:26 PM,3:43,,,Favors 4' Layup (8 PTS) (Hood 1 AST),22 - 20,-2,5,202324,Derrick Favors,1610612762.0,Utah,Jazz,UTA,5,203918,Rodney Hood,1610612762.0,Utah,Jazz,UTA,0,0,,,,,,1
70,0021700229,100,6,2,1,7:27 PM,3:43,Fournier S.FOUL (P2.PN) (J.Capers),,,,,4,203095,Evan Fournier,1610612753.0,Orlando,Magic,ORL,5,202324,Derrick Favors,1610612762.0,Utah,Jazz,UTA,1,0,,,,,,1
71,0021700229,102,8,0,1,7:27 PM,3:43,SUB: Afflalo FOR Payton,,,,,4,203901,Elfrid Payton,1610612753.0,Orlando,Magic,ORL,4,201167,Arron Afflalo,1610612753.0,Orlando,Magic,ORL,0,0,,,,,,0
72,0021700229,103,8,0,1,7:27 PM,3:43,SUB: Augustin FOR Fournier,,,,,4,203095,Evan Fournier,1610612753.0,Orlando,Magic,ORL,4,201571,D.J. Augustin,1610612753.0,Orlando,Magic,ORL,0,0,,,,,,0
73,0021700229,106,3,10,1,7:27 PM,3:43,,,Favors Free Throw 1 of 1 (9 PTS),23 - 20,-3,5,202324,Derrick Favors,1610612762.0,Utah,Jazz,UTA,0,0,,,,,,0,0,,,,,,0
74,0021700229,107,2,1,1,7:27 PM,3:30,MISS Vucevic 16' Jump Shot,,,,,4,202696,Nikola Vucevic,1610612753.0,Orlando,Magic,ORL,0,0,,,,,,0,0,,,,,,1
75,0021700229,108,4,0,1,7:27 PM,3:25,,,Sefolosha REBOUND (Off:0 Def:1),,,5,200757,Thabo Sefolosha,1610612762.0,Utah,Jazz,UTA,0,0,,,,,,0,0,,,,,,1
76,0021700229,109,5,2,1,7:28 PM,3:19,Simmons STEAL (1 STL),,Burks Lost Ball Turnover (P1.T4),,,5,202692,Alec Burks,1610612762.0,Utah,Jazz,UTA,4,203613,Jonathon Simmons,1610612753.0,Orlando,Magic,ORL,0,0,,,,,,1
77,0021700229,112,6,2,1,7:28 PM,3:04,,,Mitchell S.FOUL (P1.T4) (J.Capers),,,5,1628378,Donovan Mitchell,1610612762.0,Utah,Jazz,UTA,4,203932,Aaron Gordon,1610612753.0,Orlando,Magic,ORL,1,0,,,,,,1
78,0021700229,114,3,11,1,7:28 PM,3:04,Gordon Free Throw 1 of 2 (9 PTS),,,23 - 21,-2,4,203932,Aaron Gordon,1610612753.0,Orlando,Magic,ORL,0,0,,,,,,0,0,,,,,,0
79,0021700229,115,9,1,1,7:28 PM,3:04,,,Jazz Timeout: Regular (Reg.1 Short 0),,,3,1610612762,,,,,,0,0,,,,,,0,0,,,,,,0
80,0021700229,116,8,0,1,7:31 PM,3:04,,,SUB: Udoh FOR Favors,,,5,202324,Derrick Favors,1610612762.0,Utah,Jazz,UTA,5,202327,Ekpe Udoh,1610612762.0,Utah,Jazz,UTA,0,0,,,,,,0
81,0021700229,117,8,0,1,7:31 PM,3:04,,,SUB: Neto FOR Mitchell,,,5,1628378,Donovan Mitchell,1610612762.0,Utah,Jazz,UTA,5,203526,Raul Neto,1610612762.0,Utah,Jazz,UTA,0,0,,,,,,0
82,0021700229,120,3,12,1,7:32 PM,3:04,Gordon Free Throw 2 of 2 (10 PTS),,,23 - 22,-1,4,203932,Aaron Gordon,1610612753.0,Orlando,Magic,ORL,0,0,,,,,,0,0,,,,,,0
83,0021700229,121,2,1,1,7:32 PM,2:47,,,MISS Hood 27' 3PT Jump Shot,,,5,203918,Rodney Hood,1610612762.0,Utah,Jazz,UTA,0,0,,,,,,0,0,,,,,,1
84,0021700229,122,4,0,1,7:32 PM,2:43,Afflalo REBOUND (Off:0 Def:1),,,,,4,201167,Arron Afflalo,1610612753.0,Orlando,Magic,ORL,0,0,,,,,,0,0,,,,,,1
85,0021700229,123,2,1,1,7:32 PM,2:26,MISS Gordon 26' 3PT Jump Shot,,,,,4,203932,Aaron Gordon,1610612753.0,Orlando,Magic,ORL,0,0,,,,,,0,0,,,,,,1
86,0021700229,124,4,0,1,7:32 PM,2:25,,,Jazz Rebound,,,3,1610612762,,,,,,0,0,,,,,,0,0,,,,,,0
87,0021700229,125,6,2,1,7:33 PM,2:08,Simmons S.FOUL (P1.PN) (K.Scott),,,,,4,203613,Jonathon Simmons,1610612753.0,Orlando,Magic,ORL,5,202692,Alec Burks,1610612762.0,Utah,Jazz,UTA,1,0,,,,,,1
88,0021700229,127,3,11,1,7:33 PM,2:08,,,Burks Free Throw 1 of 2 (1 PTS),24 - 22,-2,5,202692,Alec Burks,1610612762.0,Utah,Jazz,UTA,0,0,,,,,,0,0,,,,,,0
89,0021700229,128,3,12,1,7:33 PM,2:08,,,Burks Free Throw 2 of 2 (2 PTS),25 - 22,-3,5,202692,Alec Burks,1610612762.0,Utah,Jazz,UTA,0,0,,,,,,0,0,,,,,,0
90,0021700229,129,6,2,1,7:34 PM,1:59,,,Udoh S.FOUL (P1.PN) (K.Scott),,,5,202327,Ekpe Udoh,1610612762.0,Utah,Jazz,UTA,4,203613,Jonathon Simmons,1610612753.0,Orlando,Magic,ORL,1,0,,,,,,1
91,0021700229,131,3,11,1,7:34 PM,1:59,Simmons Free Throw 1 of 2 (1 PTS),,,25 - 23,-2,4,203613,Jonathon Simmons,1610612753.0,Orlando,Magic,ORL,0,0,,,,,,0,0,,,,,,0
92,0021700229,132,8,0,1,7:34 PM,1:59,SUB: Biyombo FOR Vucevic,,,,,4,202696,Nikola Vucevic,1610612753.0,Orlando,Magic,ORL,4,202687,Bismack Biyombo,1610612753.0,Orlando,Magic,ORL,0,0,,,,,,0
93,0021700229,134,3,12,1,7:34 PM,1:59,Simmons Free Throw 2 of 2 (2 PTS),,,25 - 24,-1,4,203613,Jonathon Simmons,1610612753.0,Orlando,Magic,ORL,0,0,,,,,,0,0,,,,,,0
94,0021700229,135,1,79,1,7:34 PM,1:48,,,Neto 14' Pullup Jump Shot (2 PTS),27 - 24,-3,5,203526,Raul Neto,1610612762.0,Utah,Jazz,UTA,0,0,,,,,,0,0,,,,,,1
95,0021700229,136,2,5,1,7:35 PM,1:36,MISS Biyombo 4' Layup,,,,,4,202687,Bismack Biyombo,1610612753.0,Orlando,Magic,ORL,0,0,,,,,,0,0,,,,,,1
96,0021700229,138,4,0,1,7:35 PM,1:32,,,Burks REBOUND (Off:0 Def:1),,,5,202692,Alec Burks,1610612762.0,Utah,Jazz,UTA,0,0,,,,,,0,0,,,,,,1
97,0021700229,139,2,1,1,7:35 PM,1:30,,,MISS Burks 26' 3PT Jump Shot,,,5,202692,Alec Burks,1610612762.0,Utah,Jazz,UTA,0,0,,,,,,0,0,,,,,,1
98,0021700229,140,4,0,1,7:35 PM,1:26,Gordon REBOUND (Off:1 Def:3),,,,,4,203932,Aaron Gordon,1610612753.0,Orlando,Magic,ORL,0,0,,,,,,0,0,,,,,,1
99,0021700229,141,6,26,1,7:35 PM,1:17,Augustin Offensive Charge Foul (P1.PN) (K.Scott),,,,,4,201571,D.J. Augustin,1610612753.0,Orlando,Magic,ORL,5,203526,Raul Neto,1610612762.0,Utah,Jazz,UTA,1,0,,,,,,1
100,0021700229,143,5,37,1,7:35 PM,1:17,Augustin Offensive Foul Turnover (P1.T4),,,,,4,201571,D.J. Augustin,1610612753.0,Orlando,Magic,ORL,0,0,,,,,,1,0,,,,,,1
101,0021700229,144,2,47,1,7:35 PM,1:03,,,MISS Hood 17' Turnaround Jump Shot,,,5,203918,Rodney Hood,1610612762.0,Utah,Jazz,UTA,0,0,,,,,,0,0,,,,,,1
102,0021700229,145,4,0,1,7:35 PM,1:00,Augustin REBOUND (Off:0 Def:1),,,,,4,201571,D.J. Augustin,1610612753.0,Orlando,Magic,ORL,0,0,,,,,,0,0,,,,,,1
103,0021700229,146,2,5,1,7:36 PM,0:55,MISS Augustin 4' Layup,,,,,4,201571,D.J. Augustin,1610612753.0,Orlando,Magic,ORL,0,0,,,,,,0,0,,,,,,1
104,0021700229,147,4,0,1,7:36 PM,0:55,Biyombo REBOUND (Off:1 Def:0),,,,,4,202687,Bismack Biyombo,1610612753.0,Orlando,Magic,ORL,0,0,,,,,,0,0,,,,,,1
105,0021700229,148,1,87,1,7:36 PM,0:51,Biyombo 1' Putback Dunk (2 PTS),,,27 - 26,-1,4,202687,Bismack Biyombo,1610612753.0,Orlando,Magic,ORL,0,0,,,,,,0,0,,,,,,1
106,0021700229,149,1,79,1,7:36 PM,0:34,,,Hood 19' Pullup Jump Shot (2 PTS),29 - 26,-3,5,203918,Rodney Hood,1610612762.0,Utah,Jazz,UTA,0,0,,,,,,0,0,,,,,,1
107,0021700229,150,2,1,1,7:36 PM,0:12,MISS Gordon 26' 3PT Jump Shot,,,,,4,203932,Aaron Gordon,1610612753.0,Orlando,Magic,ORL,0,0,,,,,,0,0,,,,,,1
108,0021700229,151,4,0,1,7:36 PM,0:09,,,Hood REBOUND (Off:0 Def:2),,,5,203918,Rodney Hood,1610612762.0,Utah,Jazz,UTA,0,0,,,,,,0,0,,,,,,1
109,0021700229,152,2,1,1,7:37 PM,0:01,,,MISS Hood 22' Jump Shot,,,5,203918,Rodney Hood,1610612762.0,Utah,Jazz,UTA,0,0,,,,,,0,0,,,,,,1
110,0021700229,153,4,0,1,7:37 PM,0:01,Gordon REBOUND (Off:1 Def:4),,,,,4,203932,Aaron Gordon,1610612753.0,Orlando,Magic,ORL,0,0,,,,,,0,0,,,,,,1
111,0021700229,154,13,0,1,7:37 PM,0:00,,End of 1st Period (7:37 PM EST),,29 - 26,-3,0,0,,,,,,0,0,,,,,,0,0,,,,,,1
112,0021700229,157,12,0,2,7:39 PM,12:00,,Start of 2nd Period (7:39 PM EST),,29 - 26,-3,0,0,,,,,,0,0,,,,,,0,0,,,,,,0
113,0021700229,158,6,1,2,7:40 PM,11:51,Afflalo P.FOUL (P1.T1) (J.Capers),,,,,4,201167,Arron Afflalo,1610612753.0,Orlando,Magic,ORL,5,203918,Rodney Hood,1610612762.0,Utah,Jazz,UTA,1,0,,,,,,1
114,0021700229,160,1,1,2,7:40 PM,11:37,,,Sefolosha 25' 3PT Jump Shot (3 PTS) (Neto 1 AST),32 - 26,-6,5,200757,Thabo Sefolosha,1610612762.0,Utah,Jazz,UTA,5,203526,Raul Neto,1610612762.0,Utah,Jazz,UTA,0,0,,,,,,1
115,0021700229,162,2,1,2,7:40 PM,11:19,MISS Hezonja 25' 3PT Jump Shot,,,,,4,1626209,Mario Hezonja,1610612753.0,Orlando,Magic,ORL,0,0,,,,,,0,0,,,,,,1
116,0021700229,163,4,0,2,7:40 PM,11:16,,,Hood REBOUND (Off:0 Def:3),,,5,203918,Rodney Hood,1610612762.0,Utah,Jazz,UTA,0,0,,,,,,0,0,,,,,,1
117,0021700229,164,5,2,2,7:40 PM,11:08,Hezonja STEAL (1 STL),,Hood Lost Ball Turnover (P2.T5),,,5,203918,Rodney Hood,1610612762.0,Utah,Jazz,UTA,4,1626209,Mario Hezonja,1610612753.0,Orlando,Magic,ORL,0,0,,,,,,1
118,0021700229,166,2,1,2,7:41 PM,10:58,MISS Afflalo 3PT Jump Shot,,,,,4,201167,Arron Afflalo,1610612753.0,Orlando,Magic,ORL,0,0,,,,,,0,0,,,,,,1
119,0021700229,167,4,0,2,7:41 PM,10:54,,,Sefolosha REBOUND (Off:0 Def:2),,,5,200757,Thabo Sefolosha,1610612762.0,Utah,Jazz,UTA,0,0,,,,,,0,0,,,,,,1
120,0021700229,168,1,67,2,7:41 PM,10:38,,,Burks 13' Hook Bank Shot (4 PTS) (Hood 2 AST),34 - 26,-8,5,202692,Alec Burks,1610612762.0,Utah,Jazz,UTA,5,203918,Rodney Hood,1610612762.0,Utah,Jazz,UTA,0,0,,,,,,1
121,0021700229,170,1,6,2,7:41 PM,10:24,Simmons 3' Driving Layup (4 PTS),,,34 - 28,-6,4,203613,Jonathon Simmons,1610612753.0,Orlando,Magic,ORL,0,0,,,,,,0,0,,,,,,1
122,0021700229,171,1,5,2,7:41 PM,10:16,,,Sefolosha 2' Layup (5 PTS) (Neto 2 AST),36 - 28,-8,5,200757,Thabo Sefolosha,1610612762.0,Utah,Jazz,UTA,5,203526,Raul Neto,1610612762.0,Utah,Jazz,UTA,0,0,,,,,,1
123,0021700229,173,6,2,2,7:41 PM,10:16,Hezonja S.FOUL (P1.T2) (J.Sterling),,,,,4,1626209,Mario Hezonja,1610612753.0,Orlando,Magic,ORL,5,200757,Thabo Sefolosha,1610612762.0,Utah,Jazz,UTA,1,0,,,,,,1
124,0021700229,175,3,10,2,7:42 PM,10:16,,,Sefolosha Free Throw 1 of 1 (6 PTS),37 - 28,-9,5,200757,Thabo Sefolosha,1610612762.0,Utah,Jazz,UTA,0,0,,,,,,0,0,,,,,,0
125,0021700229,176,2,1,2,7:42 PM,9:58,MISS Augustin 26' 3PT Jump Shot,,,,,4,201571,D.J. Augustin,1610612753.0,Orlando,Magic,ORL,0,0,,,,,,0,0,,,,,,1
126,0021700229,177,4,0,2,7:42 PM,9:57,Biyombo REBOUND (Off:2 Def:0),,,,,4,202687,Bismack Biyombo,1610612753.0,Orlando,Magic,ORL,0,0,,,,,,0,0,,,,,,1
127,0021700229,178,6,2,2,7:42 PM,9:55,,,Hood S.FOUL (P1.T1) (K.Scott),,,5,203918,Rodney Hood,1610612762.0,Utah,Jazz,UTA,4,202687,Bismack Biyombo,1610612753.0,Orlando,Magic,ORL,1,0,,,,,,1
128,0021700229,180,3,11,2,7:43 PM,9:55,Biyombo Free Throw 1 of 2 (3 PTS),,,37 - 29,-8,4,202687,Bismack Biyombo,1610612753.0,Orlando,Magic,ORL,0,0,,,,,,0,0,,,,,,0
129,0021700229,181,3,12,2,7:43 PM,9:55,MISS Biyombo Free Throw 2 of 2,,,,,4,202687,Bismack Biyombo,1610612753.0,Orlando,Magic,ORL,0,0,,,,,,0,0,,,,,,0
130,0021700229,182,4,0,2,7:43 PM,9:52,,,Udoh REBOUND (Off:0 Def:1),,,5,202327,Ekpe Udoh,1610612762.0,Utah,Jazz,UTA,0,0,,,,,,0,0,,,,,,1
131,0021700229,183,1,98,2,7:43 PM,9:40,,,Neto 3' Cutting Layup Shot (4 PTS) (Sefolosha 1 AST),39 - 29,-10,5,203526,Raul Neto,1610612762.0,Utah,Jazz,UTA,5,200757,Thabo Sefolosha,1610612762.0,Utah,Jazz,UTA,0,0,,,,,,1
132,0021700229,185,2,57,2,7:44 PM,9:19,MISS Hezonja 10' Driving Hook Shot,,,,,4,1626209,Mario Hezonja,1610612753.0,Orlando,Magic,ORL,0,0,,,,,,0,0,,,,,,1
133,0021700229,186,4,0,2,7:44 PM,9:16,,,Udoh REBOUND (Off:0 Def:2),,,5,202327,Ekpe Udoh,1610612762.0,Utah,Jazz,UTA,0,0,,,,,,0,0,,,,,,1
134,0021700229,187,1,1,2,7:44 PM,9:13,,,Hood 26' 3PT Jump Shot (5 PTS) (Burks 1 AST),42 - 29,-13,5,203918,Rodney Hood,1610612762.0,Utah,Jazz,UTA,5,202692,Alec Burks,1610612762.0,Utah,Jazz,UTA,0,0,,,,,,1
135,0021700229,189,9,1,2,7:44 PM,9:11,MAGIC Timeout: Regular (Full 2 Short 0),,,,,2,1610612753,,,,,,0,0,,,,,,0,0,,,,,,0
136,0021700229,191,8,0,2,7:46 PM,9:11,SUB: Fournier FOR Hezonja,,,,,4,1626209,Mario Hezonja,1610612753.0,Orlando,Magic,ORL,4,203095,Evan Fournier,1610612753.0,Orlando,Magic,ORL,0,0,,,,,,0
137,0021700229,194,2,3,2,7:47 PM,8:50,MISS Fournier 7' Hook Shot,,Udoh BLOCK (1 BLK),,,4,203095,Evan Fournier,1610612753.0,Orlando,Magic,ORL,0,0,,,,,,5,202327,Ekpe Udoh,1610612762.0,Utah,Jazz,UTA,1
138,0021700229,195,4,0,2,7:47 PM,8:49,Biyombo REBOUND (Off:3 Def:0),,,,,4,202687,Bismack Biyombo,1610612753.0,Orlando,Magic,ORL,0,0,,,,,,0,0,,,,,,1
139,0021700229,232,5,1,2,7:47 PM,8:48,Biyombo Bad Pass Turnover (P1.T5),,Neto STEAL (1 STL),,,4,202687,Bismack Biyombo,1610612753.0,Orlando,Magic,ORL,5,203526,Raul Neto,1610612762.0,Utah,Jazz,UTA,0,0,,,,,,1
140,0021700229,196,1,50,2,7:47 PM,8:40,,,Udoh 3' Running Dunk (2 PTS) (Neto 3 AST),44 - 29,-15,5,202327,Ekpe Udoh,1610612762.0,Utah,Jazz,UTA,5,203526,Raul Neto,1610612762.0,Utah,Jazz,UTA,0,0,,,,,,1
141,0021700229,199,2,1,2,7:47 PM,8:30,MISS Afflalo 3PT Jump Shot,,,,,4,201167,Arron Afflalo,1610612753.0,Orlando,Magic,ORL,0,0,,,,,,0,0,,,,,,1
142,0021700229,200,4,0,2,7:47 PM,8:26,,,Burks REBOUND (Off:0 Def:2),,,5,202692,Alec Burks,1610612762.0,Utah,Jazz,UTA,0,0,,,,,,0,0,,,,,,1
143,0021700229,201,2,79,2,7:48 PM,8:20,,,MISS Sefolosha 16' Pullup Jump Shot,,,5,200757,Thabo Sefolosha,1610612762.0,Utah,Jazz,UTA,0,0,,,,,,0,0,,,,,,1
144,0021700229,202,4,0,2,7:48 PM,8:09,Biyombo REBOUND (Off:3 Def:1),,,,,4,202687,Bismack Biyombo,1610612753.0,Orlando,Magic,ORL,0,0,,,,,,0,0,,,,,,1
145,0021700229,203,1,5,2,7:48 PM,8:00,Fournier 4' Layup (7 PTS) (Augustin 1 AST),,,44 - 31,-13,4,203095,Evan Fournier,1610612753.0,Orlando,Magic,ORL,4,201571,D.J. Augustin,1610612753.0,Orlando,Magic,ORL,0,0,,,,,,1
146,0021700229,206,2,1,2,7:48 PM,7:37,,,MISS Burks 6' Jump Shot,,,5,202692,Alec Burks,1610612762.0,Utah,Jazz,UTA,0,0,,,,,,0,0,,,,,,1
147,0021700229,207,4,0,2,7:48 PM,7:35,Afflalo REBOUND (Off:0 Def:2),,,,,4,201167,Arron Afflalo,1610612753.0,Orlando,Magic,ORL,0,0,,,,,,0,0,,,,,,1
148,0021700229,208,2,1,2,7:49 PM,7:12,MISS Augustin 19' Jump Shot,,,,,4,201571,D.J. Augustin,1610612753.0,Orlando,Magic,ORL,0,0,,,,,,0,0,,,,,,1
149,0021700229,209,4,0,2,7:49 PM,7:10,,,Udoh REBOUND (Off:0 Def:3),,,5,202327,Ekpe Udoh,1610612762.0,Utah,Jazz,UTA,0,0,,,,,,0,0,,,,,,1
150,0021700229,210,1,1,2,7:49 PM,6:56,,,Hood 27' 3PT Jump Shot (8 PTS),47 - 31,-16,5,203918,Rodney Hood,1610612762.0,Utah,Jazz,UTA,0,0,,,,,,0,0,,,,,,1
151,0021700229,211,9,1,2,7:49 PM,6:54,MAGIC Timeout: Regular (Full 3 Short 0),,,,,2,1610612753,,,,,,0,0,,,,,,0,0,,,,,,0
152,0021700229,212,8,0,2,7:52 PM,6:54,SUB: Payton FOR Afflalo,,,,,4,201167,Arron Afflalo,1610612753.0,Orlando,Magic,ORL,4,203901,Elfrid Payton,1610612753.0,Orlando,Magic,ORL,0,0,,,,,,0
153,0021700229,213,8,0,2,7:52 PM,6:54,SUB: Ross FOR Augustin,,,,,4,201571,D.J. Augustin,1610612753.0,Orlando,Magic,ORL,4,203082,Terrence Ross,1610612753.0,Orlando,Magic,ORL,0,0,,,,,,0
154,0021700229,214,8,0,2,7:52 PM,6:54,,,SUB: Mitchell FOR Burks,,,5,202692,Alec Burks,1610612762.0,Utah,Jazz,UTA,5,1628378,Donovan Mitchell,1610612762.0,Utah,Jazz,UTA,0,0,,,,,,0
155,0021700229,215,8,0,2,7:52 PM,6:54,,,SUB: Jerebko FOR Sefolosha,,,5,200757,Thabo Sefolosha,1610612762.0,Utah,Jazz,UTA,5,201973,Jonas Jerebko,1610612762.0,Utah,Jazz,UTA,0,0,,,,,,0
156,0021700229,216,8,0,2,7:52 PM,6:54,,,SUB: Rubio FOR Neto,,,5,203526,Raul Neto,1610612762.0,Utah,Jazz,UTA,5,201937,Ricky Rubio,1610612762.0,Utah,Jazz,UTA,0,0,,,,,,0
157,0021700229,222,2,78,2,7:52 PM,6:37,MISS Fournier 8' Floating Jump Shot,,,,,4,203095,Evan Fournier,1610612753.0,Orlando,Magic,ORL,0,0,,,,,,0,0,,,,,,1
158,0021700229,223,4,0,2,7:52 PM,6:34,,,Jerebko REBOUND (Off:0 Def:2),,,5,201973,Jonas Jerebko,1610612762.0,Utah,Jazz,UTA,0,0,,,,,,0,0,,,,,,1
159,0021700229,224,2,1,2,7:53 PM,6:16,,,MISS Hood 3PT Jump Shot,,,5,203918,Rodney Hood,1610612762.0,Utah,Jazz,UTA,0,0,,,,,,0,0,,,,,,1
160,0021700229,225,4,0,2,7:53 PM,6:14,Fournier REBOUND (Off:0 Def:1),,,,,4,203095,Evan Fournier,1610612753.0,Orlando,Magic,ORL,0,0,,,,,,0,0,,,,,,1
161,0021700229,226,1,41,2,7:53 PM,6:05,Ross 6' Running Layup (2 PTS),,,47 - 33,-14,4,203082,Terrence Ross,1610612753.0,Orlando,Magic,ORL,0,0,,,,,,0,0,,,,,,1
162,0021700229,227,2,1,2,7:53 PM,5:56,,,MISS Hood 3PT Jump Shot,,,5,203918,Rodney Hood,1610612762.0,Utah,Jazz,UTA,0,0,,,,,,0,0,,,,,,1
163,0021700229,228,4,0,2,7:53 PM,5:54,Biyombo REBOUND (Off:3 Def:2),,,,,4,202687,Bismack Biyombo,1610612753.0,Orlando,Magic,ORL,0,0,,,,,,0,0,,,,,,1
164,0021700229,229,2,1,2,7:53 PM,5:47,MISS Fournier 26' 3PT Jump Shot,,,,,4,203095,Evan Fournier,1610612753.0,Orlando,Magic,ORL,0,0,,,,,,0,0,,,,,,1
165,0021700229,230,4,0,2,7:53 PM,5:43,,,Hood REBOUND (Off:0 Def:4),,,5,203918,Rodney Hood,1610612762.0,Utah,Jazz,UTA,0,0,,,,,,0,0,,,,,,1
166,0021700229,231,9,1,2,7:53 PM,5:40,,,Jazz Timeout: Regular (Reg.2 Short 0),,,3,1610612762,,,,,,0,0,,,,,,0,0,,,,,,0
167,0021700229,234,8,0,2,7:54 PM,5:40,SUB: Vucevic FOR Biyombo,,,,,4,202687,Bismack Biyombo,1610612753.0,Orlando,Magic,ORL,4,202696,Nikola Vucevic,1610612753.0,Orlando,Magic,ORL,0,0,,,,,,0
168,0021700229,235,8,0,2,7:54 PM,5:40,SUB: Gordon FOR Simmons,,,,,4,203613,Jonathon Simmons,1610612753.0,Orlando,Magic,ORL,4,203932,Aaron Gordon,1610612753.0,Orlando,Magic,ORL,0,0,,,,,,0
169,0021700229,236,8,0,2,7:54 PM,5:40,,,SUB: Favors FOR Hood,,,5,203918,Rodney Hood,1610612762.0,Utah,Jazz,UTA,5,202324,Derrick Favors,1610612762.0,Utah,Jazz,UTA,0,0,,,,,,0
170,0021700229,237,8,0,2,7:54 PM,5:40,,,SUB: Ingles FOR Udoh,,,5,202327,Ekpe Udoh,1610612762.0,Utah,Jazz,UTA,5,204060,Joe Ingles,1610612762.0,Utah,Jazz,UTA,0,0,,,,,,0
171,0021700229,238,8,0,2,7:54 PM,5:40,,,SUB: Burks FOR Jerebko,,,5,201973,Jonas Jerebko,1610612762.0,Utah,Jazz,UTA,5,202692,Alec Burks,1610612762.0,Utah,Jazz,UTA,0,0,,,,,,0
172,0021700229,245,5,11,2,7:55 PM,5:20,,,Jazz Turnover: Shot Clock (T#6),,,3,1610612762,,,,,,0,0,,,,,,1,0,,,,,,0
173,0021700229,246,1,1,2,7:55 PM,5:08,Ross 14' Jump Shot (4 PTS) (Payton 2 AST),,,47 - 35,-12,4,203082,Terrence Ross,1610612753.0,Orlando,Magic,ORL,4,203901,Elfrid Payton,1610612753.0,Orlando,Magic,ORL,0,0,,,,,,1
174,0021700229,248,2,102,2,7:56 PM,4:51,,,MISS Rubio 10' Driving Floating Bank Jump Shot,,,5,201937,Ricky Rubio,1610612762.0,Utah,Jazz,UTA,0,0,,,,,,0,0,,,,,,1
175,0021700229,249,4,0,2,7:56 PM,4:49,,,Favors REBOUND (Off:2 Def:2),,,5,202324,Derrick Favors,1610612762.0,Utah,Jazz,UTA,0,0,,,,,,0,0,,,,,,1
176,0021700229,250,5,1,2,7:56 PM,4:47,Ross STEAL (1 STL),,Favors Bad Pass Turnover (P1.T7),,,5,202324,Derrick Favors,1610612762.0,Utah,Jazz,UTA,4,203082,Terrence Ross,1610612753.0,Orlando,Magic,ORL,0,0,,,,,,1
177,0021700229,252,1,1,2,7:56 PM,4:42,Ross 13' Jump Shot (6 PTS),,,47 - 37,-10,4,203082,Terrence Ross,1610612753.0,Orlando,Magic,ORL,0,0,,,,,,0,0,,,,,,1
178,0021700229,253,6,2,2,7:56 PM,4:42,,,Rubio S.FOUL (P3.T2) (J.Sterling),,,5,201937,Ricky Rubio,1610612762.0,Utah,Jazz,UTA,4,203082,Terrence Ross,1610612753.0,Orlando,Magic,ORL,1,0,,,,,,1
179,0021700229,255,3,10,2,7:56 PM,4:42,Ross Free Throw 1 of 1 (7 PTS),,,47 - 38,-9,4,203082,Terrence Ross,1610612753.0,Orlando,Magic,ORL,0,0,,,,,,0,0,,,,,,0
180,0021700229,256,2,102,2,7:57 PM,4:30,,,MISS Rubio 12' Driving Floating Bank Jump Shot,,,5,201937,Ricky Rubio,1610612762.0,Utah,Jazz,UTA,0,0,,,,,,0,0,,,,,,1
181,0021700229,257,4,0,2,7:57 PM,4:26,Gordon REBOUND (Off:1 Def:5),,,,,4,203932,Aaron Gordon,1610612753.0,Orlando,Magic,ORL,0,0,,,,,,0,0,,,,,,1
182,0021700229,258,1,78,2,7:57 PM,4:15,Ross 12' Floating Jump Shot (9 PTS) (Payton 3 AST),,,47 - 40,-7,4,203082,Terrence Ross,1610612753.0,Orlando,Magic,ORL,4,203901,Elfrid Payton,1610612753.0,Orlando,Magic,ORL,0,0,,,,,,1
183,0021700229,261,2,5,2,7:57 PM,3:58,,,MISS Burks 6' Layup,,,5,202692,Alec Burks,1610612762.0,Utah,Jazz,UTA,0,0,,,,,,0,0,,,,,,1
184,0021700229,262,4,0,2,7:57 PM,3:58,,,Favors REBOUND (Off:3 Def:2),,,5,202324,Derrick Favors,1610612762.0,Utah,Jazz,UTA,0,0,,,,,,0,0,,,,,,1
185,0021700229,263,1,87,2,7:57 PM,3:51,,,Favors 1' Putback Dunk (11 PTS),49 - 40,-9,5,202324,Derrick Favors,1610612762.0,Utah,Jazz,UTA,0,0,,,,,,0,0,,,,,,1
186,0021700229,264,5,4,2,7:57 PM,3:41,Fournier Traveling Turnover (P1.T6),,,,,4,203095,Evan Fournier,1610612753.0,Orlando,Magic,ORL,0,0,,,,,,1,0,,,,,,1
187,0021700229,265,8,0,2,7:58 PM,3:41,,,SUB: Neto FOR Rubio,,,5,201937,Ricky Rubio,1610612762.0,Utah,Jazz,UTA,5,203526,Raul Neto,1610612762.0,Utah,Jazz,UTA,0,0,,,,,,0
188,0021700229,266,8,0,2,7:58 PM,3:41,,,SUB: Hood FOR Burks,,,5,202692,Alec Burks,1610612762.0,Utah,Jazz,UTA,5,203918,Rodney Hood,1610612762.0,Utah,Jazz,UTA,0,0,,,,,,0
189,0021700229,269,1,1,2,7:58 PM,3:24,,,Ingles 3PT Jump Shot (3 PTS) (Neto 4 AST),52 - 40,-12,5,204060,Joe Ingles,1610612762.0,Utah,Jazz,UTA,5,203526,Raul Neto,1610612762.0,Utah,Jazz,UTA,0,0,,,,,,1
190,0021700229,271,2,3,2,7:58 PM,3:10,MISS Vucevic 8' Hook Shot,,,,,4,202696,Nikola Vucevic,1610612753.0,Orlando,Magic,ORL,0,0,,,,,,0,0,,,,,,1
191,0021700229,272,4,0,2,7:58 PM,3:07,,,Favors REBOUND (Off:3 Def:3),,,5,202324,Derrick Favors,1610612762.0,Utah,Jazz,UTA,0,0,,,,,,0,0,,,,,,1
192,0021700229,273,1,108,2,7:58 PM,2:56,,,Favors 2' Cutting Dunk Shot (13 PTS) (Ingles 3 AST),54 - 40,-14,5,202324,Derrick Favors,1610612762.0,Utah,Jazz,UTA,5,204060,Joe Ingles,1610612762.0,Utah,Jazz,UTA,0,0,,,,,,1
193,0021700229,275,1,6,2,7:59 PM,2:41,Fournier 3' Driving Layup (9 PTS),,,54 - 42,-12,4,203095,Evan Fournier,1610612753.0,Orlando,Magic,ORL,0,0,,,,,,0,0,,,,,,1
194,0021700229,276,1,98,2,7:59 PM,2:27,,,Favors 3' Cutting Layup Shot (15 PTS) (Ingles 4 AST),56 - 42,-14,5,202324,Derrick Favors,1610612762.0,Utah,Jazz,UTA,5,204060,Joe Ingles,1610612762.0,Utah,Jazz,UTA,0,0,,,,,,1
195,0021700229,278,2,3,2,7:59 PM,2:16,MISS Vucevic 7' Hook Shot,,Favors BLOCK (2 BLK),,,4,202696,Nikola Vucevic,1610612753.0,Orlando,Magic,ORL,0,0,,,,,,5,202324,Derrick Favors,1610612762.0,Utah,Jazz,UTA,1
196,0021700229,280,4,0,2,7:59 PM,2:12,,,Mitchell REBOUND (Off:0 Def:1),,,5,1628378,Donovan Mitchell,1610612762.0,Utah,Jazz,UTA,0,0,,,,,,0,0,,,,,,1
197,0021700229,281,1,6,2,7:59 PM,2:09,,,Hood 3' Driving Layup (10 PTS) (Mitchell 1 AST),58 - 42,-16,5,203918,Rodney Hood,1610612762.0,Utah,Jazz,UTA,5,1628378,Donovan Mitchell,1610612762.0,Utah,Jazz,UTA,0,0,,,,,,1
198,0021700229,282,6,2,2,7:59 PM,1:58,,,Ingles S.FOUL (P1.T3) (K.Scott),,,5,204060,Joe Ingles,1610612762.0,Utah,Jazz,UTA,4,203932,Aaron Gordon,1610612753.0,Orlando,Magic,ORL,1,0,,,,,,1
199,0021700229,285,3,11,2,8:00 PM,1:58,Gordon Free Throw 1 of 2 (11 PTS),,,58 - 43,-15,4,203932,Aaron Gordon,1610612753.0,Orlando,Magic,ORL,0,0,,,,,,0,0,,,,,,0
200,0021700229,286,3,12,2,8:00 PM,1:58,MISS Gordon Free Throw 2 of 2,,,,,4,203932,Aaron Gordon,1610612753.0,Orlando,Magic,ORL,0,0,,,,,,0,0,,,,,,0
201,0021700229,287,4,0,2,8:00 PM,1:54,,,Mitchell REBOUND (Off:0 Def:2),,,5,1628378,Donovan Mitchell,1610612762.0,Utah,Jazz,UTA,0,0,,,,,,0,0,,,,,,1
202,0021700229,288,5,1,2,8:00 PM,1:38,Vucevic STEAL (3 STL),,Neto Bad Pass Turnover (P1.T8),,,5,203526,Raul Neto,1610612762.0,Utah,Jazz,UTA,4,202696,Nikola Vucevic,1610612753.0,Orlando,Magic,ORL,0,0,,,,,,1
203,0021700229,290,1,6,2,8:00 PM,1:35,Payton 4' Driving Layup (4 PTS),,,58 - 45,-13,4,203901,Elfrid Payton,1610612753.0,Orlando,Magic,ORL,0,0,,,,,,0,0,,,,,,1
204,0021700229,291,7,2,2,8:01 PM,1:35,,,Mitchell Violation:Defensive Goaltending (J.Capers),,,5,1628378,Donovan Mitchell,1610612762.0,Utah,Jazz,UTA,0,0,,,,,,1,0,,,,,,1
205,0021700229,292,6,1,2,8:01 PM,1:24,Ross P.FOUL (P1.T3) (J.Sterling),,,,,4,203082,Terrence Ross,1610612753.0,Orlando,Magic,ORL,5,203918,Rodney Hood,1610612762.0,Utah,Jazz,UTA,1,0,,,,,,1
206,0021700229,294,1,80,2,8:01 PM,1:14,,,Ingles 27' 3PT Step Back Jump Shot (6 PTS),61 - 45,-16,5,204060,Joe Ingles,1610612762.0,Utah,Jazz,UTA,0,0,,,,,,0,0,,,,,,1
207,0021700229,295,2,3,2,8:02 PM,1:00,MISS Vucevic 6' Hook Shot,,,,,4,202696,Nikola Vucevic,1610612753.0,Orlando,Magic,ORL,0,0,,,,,,0,0,,,,,,1
208,0021700229,296,4,0,2,8:02 PM,0:56,,,Ingles REBOUND (Off:0 Def:2),,,5,204060,Joe Ingles,1610612762.0,Utah,Jazz,UTA,0,0,,,,,,0,0,,,,,,1
209,0021700229,297,2,1,2,8:02 PM,0:37,,,MISS Neto 22' Jump Shot,,,5,203526,Raul Neto,1610612762.0,Utah,Jazz,UTA,0,0,,,,,,0,0,,,,,,1
210,0021700229,298,4,0,2,8:02 PM,0:34,Gordon REBOUND (Off:1 Def:6),,,,,4,203932,Aaron Gordon,1610612753.0,Orlando,Magic,ORL,0,0,,,,,,0,0,,,,,,1
211,0021700229,299,1,1,2,8:02 PM,0:19,Ross 3PT Jump Shot (12 PTS) (Vucevic 1 AST),,,61 - 48,-13,4,203082,Terrence Ross,1610612753.0,Orlando,Magic,ORL,4,202696,Nikola Vucevic,1610612753.0,Orlando,Magic,ORL,0,0,,,,,,1
212,0021700229,301,1,1,2,8:03 PM,0:00,,,Favors 10' Jump Shot (17 PTS) (Mitchell 2 AST),63 - 48,-15,5,202324,Derrick Favors,1610612762.0,Utah,Jazz,UTA,5,1628378,Donovan Mitchell,1610612762.0,Utah,Jazz,UTA,0,0,,,,,,1
213,0021700229,303,13,0,2,8:03 PM,0:00,,End of 2nd Period (8:03 PM EST),,63 - 48,-15,0,0,,,,,,0,0,,,,,,0,0,,,,,,1
214,0021700229,308,12,0,3,8:18 PM,12:00,,Start of 3rd Period (8:18 PM EST),,63 - 48,-15,0,0,,,,,,0,0,,,,,,0,0,,,,,,0
215,0021700229,309,2,1,3,8:18 PM,11:47,,,MISS Rubio 24' 3PT Jump Shot,,,5,201937,Ricky Rubio,1610612762.0,Utah,Jazz,UTA,0,0,,,,,,0,0,,,,,,1
216,0021700229,310,4,0,3,8:18 PM,11:44,Gordon REBOUND (Off:1 Def:7),,,,,4,203932,Aaron Gordon,1610612753.0,Orlando,Magic,ORL,0,0,,,,,,0,0,,,,,,1
217,0021700229,311,2,79,3,8:18 PM,11:36,MISS Gordon 16' Pullup Jump Shot,,,,,4,203932,Aaron Gordon,1610612753.0,Orlando,Magic,ORL,0,0,,,,,,0,0,,,,,,1
218,0021700229,312,4,0,3,8:18 PM,11:31,,,Rubio REBOUND (Off:1 Def:1),,,5,201937,Ricky Rubio,1610612762.0,Utah,Jazz,UTA,0,0,,,,,,0,0,,,,,,1
219,0021700229,313,1,79,3,8:19 PM,11:27,,,Rubio 15' Pullup Jump Shot (8 PTS) (Mitchell 3 AST),65 - 48,-17,5,201937,Ricky Rubio,1610612762.0,Utah,Jazz,UTA,5,1628378,Donovan Mitchell,1610612762.0,Utah,Jazz,UTA,0,0,,,,,,1
220,0021700229,315,6,2,3,8:19 PM,11:27,Gordon S.FOUL (P2.T1) (J.Capers),,,,,4,203932,Aaron Gordon,1610612753.0,Orlando,Magic,ORL,5,201937,Ricky Rubio,1610612762.0,Utah,Jazz,UTA,1,0,,,,,,1
221,0021700229,317,3,10,3,8:19 PM,11:27,,,Rubio Free Throw 1 of 1 (9 PTS),66 - 48,-18,5,201937,Ricky Rubio,1610612762.0,Utah,Jazz,UTA,0,0,,,,,,0,0,,,,,,0
222,0021700229,318,1,44,3,8:19 PM,11:08,Fournier 3' Reverse Layup (11 PTS) (Gordon 1 AST),,,66 - 50,-16,4,203095,Evan Fournier,1610612753.0,Orlando,Magic,ORL,4,203932,Aaron Gordon,1610612753.0,Orlando,Magic,ORL,0,0,,,,,,1
223,0021700229,320,1,98,3,8:20 PM,10:45,,,Jerebko 3' Cutting Layup Shot (4 PTS) (Ingles 5 AST),68 - 50,-18,5,201973,Jonas Jerebko,1610612762.0,Utah,Jazz,UTA,5,204060,Joe Ingles,1610612762.0,Utah,Jazz,UTA,0,0,,,,,,1
224,0021700229,322,2,1,3,8:20 PM,10:31,MISS Vucevic 26' 3PT Jump Shot,,,,,4,202696,Nikola Vucevic,1610612753.0,Orlando,Magic,ORL,0,0,,,,,,0,0,,,,,,1
225,0021700229,323,4,0,3,8:20 PM,10:28,,,Rubio REBOUND (Off:1 Def:2),,,5,201937,Ricky Rubio,1610612762.0,Utah,Jazz,UTA,0,0,,,,,,0,0,,,,,,1
226,0021700229,324,2,1,3,8:20 PM,10:18,,,MISS Ingles 3PT Jump Shot,,,5,204060,Joe Ingles,1610612762.0,Utah,Jazz,UTA,0,0,,,,,,0,0,,,,,,1
227,0021700229,325,4,0,3,8:20 PM,10:15,Fournier REBOUND (Off:0 Def:2),,,,,4,203095,Evan Fournier,1610612753.0,Orlando,Magic,ORL,0,0,,,,,,0,0,,,,,,1
228,0021700229,326,6,1,3,8:20 PM,10:14,,,Mitchell P.FOUL (P2.T1) (J.Capers),,,5,1628378,Donovan Mitchell,1610612762.0,Utah,Jazz,UTA,4,203095,Evan Fournier,1610612753.0,Orlando,Magic,ORL,1,0,,,,,,1
229,0021700229,328,2,79,3,8:21 PM,10:05,MISS Payton 21' Pullup Jump Shot,,,,,4,203901,Elfrid Payton,1610612753.0,Orlando,Magic,ORL,0,0,,,,,,0,0,,,,,,1
230,0021700229,329,4,0,3,8:21 PM,10:02,,,Mitchell REBOUND (Off:0 Def:3),,,5,1628378,Donovan Mitchell,1610612762.0,Utah,Jazz,UTA,0,0,,,,,,0,0,,,,,,1
231,0021700229,330,2,78,3,8:21 PM,9:47,,,MISS Favors 9' Floating Jump Shot,,,5,202324,Derrick Favors,1610612762.0,Utah,Jazz,UTA,0,0,,,,,,0,0,,,,,,1
232,0021700229,331,4,0,3,8:21 PM,9:44,,,Rubio REBOUND (Off:2 Def:2),,,5,201937,Ricky Rubio,1610612762.0,Utah,Jazz,UTA,0,0,,,,,,0,0,,,,,,1
233,0021700229,332,2,1,3,8:21 PM,9:42,,,MISS Jerebko 26' 3PT Jump Shot,,,5,201973,Jonas Jerebko,1610612762.0,Utah,Jazz,UTA,0,0,,,,,,0,0,,,,,,1
234,0021700229,333,4,0,3,8:21 PM,9:38,Ross REBOUND (Off:0 Def:1),,,,,4,203082,Terrence Ross,1610612753.0,Orlando,Magic,ORL,0,0,,,,,,0,0,,,,,,1
235,0021700229,334,1,1,3,8:21 PM,9:27,Vucevic 27' 3PT Jump Shot (8 PTS) (Ross 1 AST),,,68 - 53,-15,4,202696,Nikola Vucevic,1610612753.0,Orlando,Magic,ORL,4,203082,Terrence Ross,1610612753.0,Orlando,Magic,ORL,0,0,,,,,,1
236,0021700229,336,5,1,3,8:21 PM,9:19,Fournier STEAL (1 STL),,Rubio Bad Pass Turnover (P1.T9),,,5,201937,Ricky Rubio,1610612762.0,Utah,Jazz,UTA,4,203095,Evan Fournier,1610612753.0,Orlando,Magic,ORL,0,0,,,,,,0
237,0021700229,338,2,1,3,8:22 PM,9:08,MISS Fournier 26' 3PT Jump Shot,,,,,4,203095,Evan Fournier,1610612753.0,Orlando,Magic,ORL,0,0,,,,,,0,0,,,,,,1
238,0021700229,339,4,0,3,8:22 PM,9:04,,,Mitchell REBOUND (Off:0 Def:4),,,5,1628378,Donovan Mitchell,1610612762.0,Utah,Jazz,UTA,0,0,,,,,,0,0,,,,,,1
239,0021700229,342,2,97,3,8:22 PM,8:44,,,MISS Mitchell 5' Tip Layup Shot,,,5,1628378,Donovan Mitchell,1610612762.0,Utah,Jazz,UTA,0,0,,,,,,0,0,,,,,,1
240,0021700229,343,4,0,3,8:23 PM,8:44,,,Favors REBOUND (Off:4 Def:3),,,5,202324,Derrick Favors,1610612762.0,Utah,Jazz,UTA,0,0,,,,,,0,0,,,,,,1
241,0021700229,344,1,97,3,8:23 PM,8:38,,,Favors 1' Tip Layup Shot (19 PTS),70 - 53,-17,5,202324,Derrick Favors,1610612762.0,Utah,Jazz,UTA,0,0,,,,,,0,0,,,,,,1
242,0021700229,345,6,1,3,8:23 PM,8:34,,,Rubio P.FOUL (P4.T2) (J.Sterling),,,5,201937,Ricky Rubio,1610612762.0,Utah,Jazz,UTA,4,203901,Elfrid Payton,1610612753.0,Orlando,Magic,ORL,1,0,,,,,,1
243,0021700229,445,8,0,3,8:23 PM,8:34,,,SUB: Neto FOR Rubio,,,5,201937,Ricky Rubio,1610612762.0,Utah,Jazz,UTA,5,203526,Raul Neto,1610612762.0,Utah,Jazz,UTA,0,0,,,,,,0
244,0021700229,351,1,5,3,8:23 PM,8:27,Payton 2' Layup (6 PTS),,,70 - 55,-15,4,203901,Elfrid Payton,1610612753.0,Orlando,Magic,ORL,0,0,,,,,,0,0,,,,,,1
245,0021700229,353,6,1,3,8:24 PM,8:22,Payton P.FOUL (P2.T2) (J.Capers),,,,,4,203901,Elfrid Payton,1610612753.0,Orlando,Magic,ORL,5,1628378,Donovan Mitchell,1610612762.0,Utah,Jazz,UTA,1,0,,,,,,1
246,0021700229,358,5,2,3,8:25 PM,8:15,Payton STEAL (2 STL),,Mitchell Lost Ball Turnover (P2.T10),,,5,1628378,Donovan Mitchell,1610612762.0,Utah,Jazz,UTA,4,203901,Elfrid Payton,1610612753.0,Orlando,Magic,ORL,0,0,,,,,,1
247,0021700229,360,6,1,3,8:25 PM,8:13,,,Mitchell P.FOUL (P3.T3) (J.Capers),,,5,1628378,Donovan Mitchell,1610612762.0,Utah,Jazz,UTA,4,203901,Elfrid Payton,1610612753.0,Orlando,Magic,ORL,1,0,,,,,,1
248,0021700229,362,2,1,3,8:26 PM,8:02,MISS Payton 6' Jump Shot,,,,,4,203901,Elfrid Payton,1610612753.0,Orlando,Magic,ORL,0,0,,,,,,0,0,,,,,,1
249,0021700229,366,4,0,3,8:26 PM,8:01,Payton REBOUND (Off:1 Def:1),,,,,4,203901,Elfrid Payton,1610612753.0,Orlando,Magic,ORL,0,0,,,,,,0,0,,,,,,1
250,0021700229,363,6,2,3,8:26 PM,8:01,,,Neto S.FOUL (P1.T4) (J.Sterling),,,5,203526,Raul Neto,1610612762.0,Utah,Jazz,UTA,4,203901,Elfrid Payton,1610612753.0,Orlando,Magic,ORL,1,0,,,,,,1
251,0021700229,365,3,11,3,8:26 PM,8:01,Payton Free Throw 1 of 2 (7 PTS),,,70 - 56,-14,4,203901,Elfrid Payton,1610612753.0,Orlando,Magic,ORL,0,0,,,,,,0,0,,,,,,0
252,0021700229,367,3,12,3,8:26 PM,8:01,MISS Payton Free Throw 2 of 2,,,,,4,203901,Elfrid Payton,1610612753.0,Orlando,Magic,ORL,0,0,,,,,,0,0,,,,,,0
253,0021700229,372,4,0,3,8:26 PM,8:01,,,Ingles REBOUND (Off:0 Def:3),,,5,204060,Joe Ingles,1610612762.0,Utah,Jazz,UTA,0,0,,,,,,0,0,,,,,,1
254,0021700229,368,1,1,3,8:27 PM,7:40,,,Mitchell 26' 3PT Jump Shot (9 PTS) (Ingles 6 AST),73 - 56,-17,5,1628378,Donovan Mitchell,1610612762.0,Utah,Jazz,UTA,5,204060,Joe Ingles,1610612762.0,Utah,Jazz,UTA,0,0,,,,,,1
255,0021700229,370,2,1,3,8:27 PM,7:29,MISS Payton 6' Jump Shot,,,,,4,203901,Elfrid Payton,1610612753.0,Orlando,Magic,ORL,0,0,,,,,,0,0,,,,,,1
256,0021700229,371,4,0,3,8:27 PM,7:27,,,Jerebko REBOUND (Off:0 Def:3),,,5,201973,Jonas Jerebko,1610612762.0,Utah,Jazz,UTA,0,0,,,,,,0,0,,,,,,1
257,0021700229,374,2,1,3,8:27 PM,7:13,,,MISS Jerebko 9' Jump Shot,,,5,201973,Jonas Jerebko,1610612762.0,Utah,Jazz,UTA,0,0,,,,,,0,0,,,,,,1
258,0021700229,389,4,0,3,8:27 PM,7:13,,,Jerebko REBOUND (Off:1 Def:3),,,5,201973,Jonas Jerebko,1610612762.0,Utah,Jazz,UTA,0,0,,,,,,0,0,,,,,,1
259,0021700229,375,2,1,3,8:27 PM,7:08,,,MISS Jerebko 9' Jump Shot,,,5,201973,Jonas Jerebko,1610612762.0,Utah,Jazz,UTA,0,0,,,,,,0,0,,,,,,0
260,0021700229,376,4,0,3,8:27 PM,7:08,,,Favors REBOUND (Off:5 Def:3),,,5,202324,Derrick Favors,1610612762.0,Utah,Jazz,UTA,0,0,,,,,,0,0,,,,,,0
261,0021700229,378,1,1,3,8:28 PM,7:03,,,Favors 21' Jump Shot (21 PTS) (Neto 5 AST),75 - 56,-19,5,202324,Derrick Favors,1610612762.0,Utah,Jazz,UTA,5,203526,Raul Neto,1610612762.0,Utah,Jazz,UTA,0,0,,,,,,1
262,0021700229,380,2,1,3,8:28 PM,6:50,MISS Vucevic 20' Jump Shot,,,,,4,202696,Nikola Vucevic,1610612753.0,Orlando,Magic,ORL,0,0,,,,,,0,0,,,,,,1
263,0021700229,381,4,0,3,8:28 PM,6:50,,,Mitchell REBOUND (Off:0 Def:5),,,5,1628378,Donovan Mitchell,1610612762.0,Utah,Jazz,UTA,0,0,,,,,,0,0,,,,,,1
264,0021700229,382,5,1,3,8:28 PM,6:35,Payton STEAL (3 STL),,Jerebko Bad Pass Turnover (P1.T11),,,5,201973,Jonas Jerebko,1610612762.0,Utah,Jazz,UTA,4,203901,Elfrid Payton,1610612753.0,Orlando,Magic,ORL,0,0,,,,,,1
265,0021700229,384,5,2,3,8:28 PM,6:29,Vucevic Lost Ball Turnover (P1.T7),,Mitchell STEAL (2 STL),,,4,202696,Nikola Vucevic,1610612753.0,Orlando,Magic,ORL,5,1628378,Donovan Mitchell,1610612762.0,Utah,Jazz,UTA,0,0,,,,,,1
266,0021700229,386,2,1,3,8:28 PM,6:16,Vucevic BLOCK (1 BLK),,MISS Mitchell 5' Jump Shot,,,5,1628378,Donovan Mitchell,1610612762.0,Utah,Jazz,UTA,0,0,,,,,,4,202696,Nikola Vucevic,1610612753.0,Orlando,Magic,ORL,1
267,0021700229,388,4,0,3,8:28 PM,6:12,Ross REBOUND (Off:0 Def:2),,,,,4,203082,Terrence Ross,1610612753.0,Orlando,Magic,ORL,0,0,,,,,,0,0,,,,,,1
268,0021700229,391,9,1,3,8:29 PM,6:12,MAGIC Timeout: Regular (Full 4 Short 0),,,,,2,1610612753,,,,,,0,0,,,,,,0,0,,,,,,0
269,0021700229,392,8,0,3,8:31 PM,6:12,,,SUB: Hood FOR Mitchell,,,5,1628378,Donovan Mitchell,1610612762.0,Utah,Jazz,UTA,5,203918,Rodney Hood,1610612762.0,Utah,Jazz,UTA,0,0,,,,,,0
270,0021700229,394,2,3,3,8:32 PM,6:04,MISS Vucevic 12' Hook Shot,,,,,4,202696,Nikola Vucevic,1610612753.0,Orlando,Magic,ORL,0,0,,,,,,0,0,,,,,,1
271,0021700229,395,4,0,3,8:32 PM,6:02,,,Favors REBOUND (Off:5 Def:4),,,5,202324,Derrick Favors,1610612762.0,Utah,Jazz,UTA,0,0,,,,,,0,0,,,,,,1
272,0021700229,396,2,1,3,8:32 PM,5:43,,,MISS Hood 27' 3PT Jump Shot,,,5,203918,Rodney Hood,1610612762.0,Utah,Jazz,UTA,0,0,,,,,,0,0,,,,,,1
273,0021700229,397,4,0,3,8:32 PM,5:40,Gordon REBOUND (Off:1 Def:8),,,,,4,203932,Aaron Gordon,1610612753.0,Orlando,Magic,ORL,0,0,,,,,,0,0,,,,,,1
274,0021700229,398,6,1,3,8:32 PM,5:40,,,Jerebko P.FOUL (P1.PN) (J.Capers),,,5,201973,Jonas Jerebko,1610612762.0,Utah,Jazz,UTA,4,203932,Aaron Gordon,1610612753.0,Orlando,Magic,ORL,1,0,,,,,,1
275,0021700229,400,3,11,3,8:33 PM,5:40,Gordon Free Throw 1 of 2 (12 PTS),,,75 - 57,-18,4,203932,Aaron Gordon,1610612753.0,Orlando,Magic,ORL,0,0,,,,,,0,0,,,,,,0
276,0021700229,401,3,12,3,8:33 PM,5:40,Gordon Free Throw 2 of 2 (13 PTS),,,75 - 58,-17,4,203932,Aaron Gordon,1610612753.0,Orlando,Magic,ORL,0,0,,,,,,0,0,,,,,,0
277,0021700229,402,2,5,3,8:33 PM,5:27,,,MISS Favors 5' Layup,,,5,202324,Derrick Favors,1610612762.0,Utah,Jazz,UTA,0,0,,,,,,0,0,,,,,,1
278,0021700229,404,4,0,3,8:33 PM,5:22,Payton REBOUND (Off:1 Def:2),,,,,4,203901,Elfrid Payton,1610612753.0,Orlando,Magic,ORL,0,0,,,,,,0,0,,,,,,1
279,0021700229,405,5,1,3,8:33 PM,5:19,Payton Bad Pass Turnover (P2.T8),,Hood STEAL (1 STL),,,4,203901,Elfrid Payton,1610612753.0,Orlando,Magic,ORL,5,203918,Rodney Hood,1610612762.0,Utah,Jazz,UTA,0,0,,,,,,1
280,0021700229,407,6,1,3,8:33 PM,5:19,Payton P.FOUL (P3.T3) (J.Capers),,,,,4,203901,Elfrid Payton,1610612753.0,Orlando,Magic,ORL,5,203918,Rodney Hood,1610612762.0,Utah,Jazz,UTA,1,0,,,,,,1
281,0021700229,409,8,0,3,8:33 PM,5:19,SUB: Simmons FOR Ross,,,,,4,203082,Terrence Ross,1610612753.0,Orlando,Magic,ORL,4,203613,Jonathon Simmons,1610612753.0,Orlando,Magic,ORL,0,0,,,,,,0
282,0021700229,411,1,98,3,8:34 PM,5:07,,,Hood 3' Cutting Layup Shot (12 PTS) (Favors 3 AST),77 - 58,-19,5,203918,Rodney Hood,1610612762.0,Utah,Jazz,UTA,5,202324,Derrick Favors,1610612762.0,Utah,Jazz,UTA,0,0,,,,,,1
283,0021700229,413,6,2,3,8:34 PM,5:00,,,Jerebko S.FOUL (P2.PN) (J.Sterling),,,5,201973,Jonas Jerebko,1610612762.0,Utah,Jazz,UTA,4,203932,Aaron Gordon,1610612753.0,Orlando,Magic,ORL,1,0,,,,,,1
284,0021700229,415,3,11,3,8:34 PM,5:00,Gordon Free Throw 1 of 2 (14 PTS),,,77 - 59,-18,4,203932,Aaron Gordon,1610612753.0,Orlando,Magic,ORL,0,0,,,,,,0,0,,,,,,0
285,0021700229,416,3,12,3,8:34 PM,5:00,MISS Gordon Free Throw 2 of 2,,,,,4,203932,Aaron Gordon,1610612753.0,Orlando,Magic,ORL,0,0,,,,,,0,0,,,,,,0
286,0021700229,417,4,0,3,8:34 PM,4:56,,,Favors REBOUND (Off:5 Def:5),,,5,202324,Derrick Favors,1610612762.0,Utah,Jazz,UTA,0,0,,,,,,0,0,,,,,,1
287,0021700229,418,6,1,3,8:35 PM,4:45,Vucevic P.FOUL (P2.T4) (J.Capers),,,,,4,202696,Nikola Vucevic,1610612753.0,Orlando,Magic,ORL,5,203526,Raul Neto,1610612762.0,Utah,Jazz,UTA,1,0,,,,,,1
288,0021700229,420,8,0,3,8:35 PM,4:45,,,SUB: Sefolosha FOR Jerebko,,,5,201973,Jonas Jerebko,1610612762.0,Utah,Jazz,UTA,5,200757,Thabo Sefolosha,1610612762.0,Utah,Jazz,UTA,0,0,,,,,,0
289,0021700229,422,2,6,3,8:35 PM,4:36,Vucevic BLOCK (2 BLK),,MISS Ingles 4' Driving Layup,,,5,204060,Joe Ingles,1610612762.0,Utah,Jazz,UTA,0,0,,,,,,4,202696,Nikola Vucevic,1610612753.0,Orlando,Magic,ORL,1
290,0021700229,424,4,0,3,8:35 PM,4:32,Fournier REBOUND (Off:0 Def:3),,,,,4,203095,Evan Fournier,1610612753.0,Orlando,Magic,ORL,0,0,,,,,,0,0,,,,,,1
291,0021700229,425,2,1,3,8:35 PM,4:30,MISS Simmons 3PT Jump Shot,,,,,4,203613,Jonathon Simmons,1610612753.0,Orlando,Magic,ORL,0,0,,,,,,0,0,,,,,,1
292,0021700229,426,4,0,3,8:35 PM,4:25,,,Neto REBOUND (Off:0 Def:1),,,5,203526,Raul Neto,1610612762.0,Utah,Jazz,UTA,0,0,,,,,,0,0,,,,,,1
293,0021700229,427,1,75,3,8:36 PM,4:07,,,Sefolosha 4' Driving Finger Roll Layup (8 PTS) (Neto 6 AST),79 - 59,-20,5,200757,Thabo Sefolosha,1610612762.0,Utah,Jazz,UTA,5,203526,Raul Neto,1610612762.0,Utah,Jazz,UTA,0,0,,,,,,1
294,0021700229,429,2,1,3,8:36 PM,3:55,MISS Vucevic 16' Jump Shot,,,,,4,202696,Nikola Vucevic,1610612753.0,Orlando,Magic,ORL,0,0,,,,,,0,0,,,,,,1
295,0021700229,430,4,0,3,8:36 PM,3:52,,,Ingles REBOUND (Off:0 Def:4),,,5,204060,Joe Ingles,1610612762.0,Utah,Jazz,UTA,0,0,,,,,,0,0,,,,,,1
296,0021700229,431,9,1,3,8:36 PM,3:50,,,Jazz Timeout: Regular (Reg.3 Short 0),,,3,1610612762,,,,,,0,0,,,,,,0,0,,,,,,0
297,0021700229,432,8,0,3,8:38 PM,3:50,SUB: Augustin FOR Payton,,,,,4,203901,Elfrid Payton,1610612753.0,Orlando,Magic,ORL,4,201571,D.J. Augustin,1610612753.0,Orlando,Magic,ORL,0,0,,,,,,0
298,0021700229,433,8,0,3,8:38 PM,3:50,SUB: Speights FOR Vucevic,,,,,4,202696,Nikola Vucevic,1610612753.0,Orlando,Magic,ORL,4,201578,Marreese Speights,1610612753.0,Orlando,Magic,ORL,0,0,,,,,,0
299,0021700229,434,8,0,3,8:38 PM,3:50,SUB: Afflalo FOR Fournier,,,,,4,203095,Evan Fournier,1610612753.0,Orlando,Magic,ORL,4,201167,Arron Afflalo,1610612753.0,Orlando,Magic,ORL,0,0,,,,,,0
300,0021700229,435,8,0,3,8:38 PM,3:50,,,SUB: Udoh FOR Favors,,,5,202324,Derrick Favors,1610612762.0,Utah,Jazz,UTA,5,202327,Ekpe Udoh,1610612762.0,Utah,Jazz,UTA,0,0,,,,,,0
301,0021700229,440,2,79,3,8:39 PM,3:34,,,MISS Hood 11' Pullup Jump Shot,,,5,203918,Rodney Hood,1610612762.0,Utah,Jazz,UTA,0,0,,,,,,0,0,,,,,,1
302,0021700229,441,4,0,3,8:39 PM,3:32,Speights REBOUND (Off:0 Def:1),,,,,4,201578,Marreese Speights,1610612753.0,Orlando,Magic,ORL,0,0,,,,,,0,0,,,,,,1
303,0021700229,442,2,1,3,8:39 PM,3:19,MISS Simmons 16' Jump Shot,,Udoh BLOCK (2 BLK),,,4,203613,Jonathon Simmons,1610612753.0,Orlando,Magic,ORL,0,0,,,,,,5,202327,Ekpe Udoh,1610612762.0,Utah,Jazz,UTA,1
304,0021700229,444,4,0,3,8:39 PM,3:14,,,Sefolosha REBOUND (Off:0 Def:3),,,5,200757,Thabo Sefolosha,1610612762.0,Utah,Jazz,UTA,0,0,,,,,,0,0,,,,,,1
305,0021700229,447,6,1,3,8:40 PM,3:03,Speights P.FOUL (P1.PN) (J.Capers),,,,,4,201578,Marreese Speights,1610612753.0,Orlando,Magic,ORL,5,203526,Raul Neto,1610612762.0,Utah,Jazz,UTA,1,0,,,,,,1
306,0021700229,449,3,11,3,8:40 PM,3:03,,,Neto Free Throw 1 of 2 (5 PTS),80 - 59,-21,5,203526,Raul Neto,1610612762.0,Utah,Jazz,UTA,0,0,,,,,,0,0,,,,,,0
307,0021700229,450,3,12,3,8:40 PM,3:03,,,Neto Free Throw 2 of 2 (6 PTS),81 - 59,-22,5,203526,Raul Neto,1610612762.0,Utah,Jazz,UTA,0,0,,,,,,0,0,,,,,,0
308,0021700229,451,5,2,3,8:41 PM,2:42,Simmons Lost Ball Turnover (P1.T9),,Sefolosha STEAL (1 STL),,,4,203613,Jonathon Simmons,1610612753.0,Orlando,Magic,ORL,5,200757,Thabo Sefolosha,1610612762.0,Utah,Jazz,UTA,0,0,,,,,,1
309,0021700229,453,1,41,3,8:41 PM,2:39,,,Neto 3' Running Layup (8 PTS),83 - 59,-24,5,203526,Raul Neto,1610612762.0,Utah,Jazz,UTA,0,0,,,,,,0,0,,,,,,1
310,0021700229,454,6,2,3,8:41 PM,2:39,Speights S.FOUL (P2.PN) (J.Sterling),,,,,4,201578,Marreese Speights,1610612753.0,Orlando,Magic,ORL,5,203526,Raul Neto,1610612762.0,Utah,Jazz,UTA,1,0,,,,,,1
311,0021700229,456,3,10,3,8:41 PM,2:39,,,Neto Free Throw 1 of 1 (9 PTS),84 - 59,-25,5,203526,Raul Neto,1610612762.0,Utah,Jazz,UTA,0,0,,,,,,0,0,,,,,,0
312,0021700229,479,8,0,3,8:41 PM,2:39,,,SUB: Burks FOR Ingles,,,5,204060,Joe Ingles,1610612762.0,Utah,Jazz,UTA,5,202692,Alec Burks,1610612762.0,Utah,Jazz,UTA,0,0,,,,,,0
313,0021700229,457,1,79,3,8:41 PM,2:25,Gordon 16' Pullup Jump Shot (16 PTS),,,84 - 61,-23,4,203932,Aaron Gordon,1610612753.0,Orlando,Magic,ORL,0,0,,,,,,0,0,,,,,,1
314,0021700229,458,1,79,3,8:42 PM,2:08,,,Hood 14' Pullup Jump Shot (14 PTS),86 - 61,-25,5,203918,Rodney Hood,1610612762.0,Utah,Jazz,UTA,0,0,,,,,,0,0,,,,,,1
315,0021700229,459,1,2,3,8:42 PM,1:56,Gordon 13' Running Jump Shot (18 PTS),,,86 - 63,-23,4,203932,Aaron Gordon,1610612753.0,Orlando,Magic,ORL,0,0,,,,,,0,0,,,,,,1
316,0021700229,460,1,6,3,8:42 PM,1:40,,,Hood 4' Driving Layup (16 PTS) (Udoh 1 AST),88 - 63,-25,5,203918,Rodney Hood,1610612762.0,Utah,Jazz,UTA,5,202327,Ekpe Udoh,1610612762.0,Utah,Jazz,UTA,0,0,,,,,,1
317,0021700229,462,1,1,3,8:42 PM,1:26,Simmons 26' 3PT Jump Shot (7 PTS) (Afflalo 1 AST),,,88 - 66,-22,4,203613,Jonathon Simmons,1610612753.0,Orlando,Magic,ORL,4,201167,Arron Afflalo,1610612753.0,Orlando,Magic,ORL,0,0,,,,,,1
318,0021700229,464,1,1,3,8:43 PM,1:03,,,Hood 27' 3PT Jump Shot (19 PTS),91 - 66,-25,5,203918,Rodney Hood,1610612762.0,Utah,Jazz,UTA,0,0,,,,,,0,0,,,,,,1
319,0021700229,465,6,2,3,8:43 PM,0:55,,,Udoh S.FOUL (P2.PN) (J.Capers),,,5,202327,Ekpe Udoh,1610612762.0,Utah,Jazz,UTA,4,203613,Jonathon Simmons,1610612753.0,Orlando,Magic,ORL,1,0,,,,,,1
320,0021700229,467,3,11,3,8:43 PM,0:55,MISS Simmons Free Throw 1 of 2,,,,,4,203613,Jonathon Simmons,1610612753.0,Orlando,Magic,ORL,0,0,,,,,,0,0,,,,,,0
321,0021700229,468,4,1,3,8:43 PM,0:55,MAGIC Rebound,,,,,2,1610612753,,,,,,0,0,,,,,,0,0,,,,,,0
322,0021700229,469,3,12,3,8:44 PM,0:55,Simmons Free Throw 2 of 2 (8 PTS),,,91 - 67,-24,4,203613,Jonathon Simmons,1610612753.0,Orlando,Magic,ORL,0,0,,,,,,0,0,,,,,,0
323,0021700229,470,1,1,3,8:44 PM,0:41,,,Hood 26' 3PT Jump Shot (22 PTS),94 - 67,-27,5,203918,Rodney Hood,1610612762.0,Utah,Jazz,UTA,0,0,,,,,,0,0,,,,,,1
324,0021700229,471,2,6,3,8:44 PM,0:30,MISS Speights 4' Driving Layup,,,,,4,201578,Marreese Speights,1610612753.0,Orlando,Magic,ORL,0,0,,,,,,0,0,,,,,,1
325,0021700229,472,4,0,3,8:44 PM,0:30,,,Sefolosha REBOUND (Off:0 Def:4),,,5,200757,Thabo Sefolosha,1610612762.0,Utah,Jazz,UTA,0,0,,,,,,0,0,,,,,,1
326,0021700229,473,1,79,3,8:44 PM,0:13,,,Hood 26' 3PT Pullup Jump Shot (25 PTS),97 - 67,-30,5,203918,Rodney Hood,1610612762.0,Utah,Jazz,UTA,0,0,,,,,,0,0,,,,,,1
327,0021700229,474,2,1,3,8:45 PM,0:07,MISS Gordon 27' 3PT Jump Shot,,,,,4,203932,Aaron Gordon,1610612753.0,Orlando,Magic,ORL,0,0,,,,,,0,0,,,,,,1
328,0021700229,475,4,0,3,8:45 PM,0:03,,,Hood REBOUND (Off:0 Def:5),,,5,203918,Rodney Hood,1610612762.0,Utah,Jazz,UTA,0,0,,,,,,0,0,,,,,,1
329,0021700229,476,2,1,3,8:45 PM,0:00,,,MISS Hood 31' 3PT Jump Shot,,,5,203918,Rodney Hood,1610612762.0,Utah,Jazz,UTA,0,0,,,,,,0,0,,,,,,1
330,0021700229,477,4,0,3,8:45 PM,0:00,,,Jazz Rebound,,,3,1610612762,,,,,,0,0,,,,,,0,0,,,,,,0
331,0021700229,478,13,0,3,8:45 PM,0:00,,End of 3rd Period (8:45 PM EST),,97 - 67,-30,0,0,,,,,,0,0,,,,,,0,0,,,,,,1
332,0021700229,483,12,0,4,8:47 PM,12:00,,Start of 4th Period (8:47 PM EST),,97 - 67,-30,0,0,,,,,,0,0,,,,,,0,0,,,,,,0
333,0021700229,484,2,80,4,8:48 PM,11:47,MISS Speights 26' 3PT Step Back Jump Shot,,,,,4,201578,Marreese Speights,1610612753.0,Orlando,Magic,ORL,0,0,,,,,,0,0,,,,,,1
334,0021700229,485,4,0,4,8:48 PM,11:45,,,Jazz Rebound,,,3,1610612762,,,,,,0,0,,,,,,0,0,,,,,,0
335,0021700229,486,1,1,4,8:48 PM,11:31,,,Hood 26' 3PT Jump Shot (28 PTS) (Udoh 2 AST),100 - 67,-33,5,203918,Rodney Hood,1610612762.0,Utah,Jazz,UTA,5,202327,Ekpe Udoh,1610612762.0,Utah,Jazz,UTA,0,0,,,,,,1
336,0021700229,488,5,2,4,8:49 PM,11:07,Augustin Lost Ball Turnover (P2.T10),,Sefolosha STEAL (2 STL),,,4,201571,D.J. Augustin,1610612753.0,Orlando,Magic,ORL,5,200757,Thabo Sefolosha,1610612762.0,Utah,Jazz,UTA,0,0,,,,,,1
337,0021700229,490,2,1,4,8:49 PM,10:59,,,MISS Burks 27' 3PT Jump Shot,,,5,202692,Alec Burks,1610612762.0,Utah,Jazz,UTA,0,0,,,,,,0,0,,,,,,1
338,0021700229,491,4,0,4,8:49 PM,10:56,Hezonja REBOUND (Off:0 Def:1),,,,,4,1626209,Mario Hezonja,1610612753.0,Orlando,Magic,ORL,0,0,,,,,,0,0,,,,,,1
339,0021700229,492,6,11,4,8:49 PM,10:54,Augustin T.FOUL (P1.T0) (J.Capers),,,,,4,201571,D.J. Augustin,1610612753.0,Orlando,Magic,ORL,0,0,,,,,,1,0,,,,,,1
340,0021700229,493,3,16,4,8:49 PM,10:54,,,MISS Hood Free Throw Technical,,,5,203918,Rodney Hood,1610612762.0,Utah,Jazz,UTA,0,0,,,,,,0,0,,,,,,0
341,0021700229,494,4,1,4,8:49 PM,10:54,MAGIC Rebound,,,,,2,1610612753,,,,,,0,0,,,,,,0,0,,,,,,0
342,0021700229,495,8,0,4,8:49 PM,10:54,,,SUB: Rubio FOR Neto,,,5,203526,Raul Neto,1610612762.0,Utah,Jazz,UTA,5,201937,Ricky Rubio,1610612762.0,Utah,Jazz,UTA,0,0,,,,,,0
343,0021700229,497,5,2,4,8:50 PM,10:41,Speights Lost Ball Turnover (P1.T11),,Udoh STEAL (1 STL),,,4,201578,Marreese Speights,1610612753.0,Orlando,Magic,ORL,5,202327,Ekpe Udoh,1610612762.0,Utah,Jazz,UTA,0,0,,,,,,1
344,0021700229,499,1,1,4,8:50 PM,10:36,,,Hood 26' 3PT Jump Shot (31 PTS) (Rubio 2 AST),103 - 67,-36,5,203918,Rodney Hood,1610612762.0,Utah,Jazz,UTA,5,201937,Ricky Rubio,1610612762.0,Utah,Jazz,UTA,0,0,,,,,,1
345,0021700229,501,9,1,4,8:50 PM,10:34,MAGIC Timeout: Regular (Full 5 Short 0),,,,,2,1610612753,,,,,,0,0,,,,,,0,0,,,,,,0
346,0021700229,502,8,0,4,8:52 PM,10:34,SUB: Biyombo FOR Speights,,,,,4,201578,Marreese Speights,1610612753.0,Orlando,Magic,ORL,4,202687,Bismack Biyombo,1610612753.0,Orlando,Magic,ORL,0,0,,,,,,0
347,0021700229,503,8,0,4,8:52 PM,10:34,SUB: Mack FOR Simmons,,,,,4,203613,Jonathon Simmons,1610612753.0,Orlando,Magic,ORL,4,202714,Shelvin Mack,1610612753.0,Orlando,Magic,ORL,0,0,,,,,,0
348,0021700229,507,2,1,4,8:53 PM,10:10,MISS Hezonja 23' Jump Shot,,,,,4,1626209,Mario Hezonja,1610612753.0,Orlando,Magic,ORL,0,0,,,,,,0,0,,,,,,1
349,0021700229,508,4,0,4,8:53 PM,10:10,,,Jazz Rebound,,,3,1610612762,,,,,,0,0,,,,,,0,0,,,,,,0
350,0021700229,509,2,1,4,8:54 PM,9:57,,,MISS Hood 28' 3PT Jump Shot,,,5,203918,Rodney Hood,1610612762.0,Utah,Jazz,UTA,0,0,,,,,,0,0,,,,,,1
351,0021700229,510,4,0,4,8:54 PM,9:54,Mack REBOUND (Off:0 Def:1),,,,,4,202714,Shelvin Mack,1610612753.0,Orlando,Magic,ORL,0,0,,,,,,0,0,,,,,,1
352,0021700229,511,6,2,4,8:54 PM,9:38,,,Udoh S.FOUL (P3.T1) (J.Sterling),,,5,202327,Ekpe Udoh,1610612762.0,Utah,Jazz,UTA,4,201167,Arron Afflalo,1610612753.0,Orlando,Magic,ORL,1,0,,,,,,1
353,0021700229,513,3,11,4,8:54 PM,9:38,MISS Afflalo Free Throw 1 of 2,,,,,4,201167,Arron Afflalo,1610612753.0,Orlando,Magic,ORL,0,0,,,,,,0,0,,,,,,0
354,0021700229,514,4,1,4,8:54 PM,9:38,MAGIC Rebound,,,,,2,1610612753,,,,,,0,0,,,,,,0,0,,,,,,0
355,0021700229,515,3,12,4,8:54 PM,9:38,Afflalo Free Throw 2 of 2 (1 PTS),,,103 - 68,-35,4,201167,Arron Afflalo,1610612753.0,Orlando,Magic,ORL,0,0,,,,,,0,0,,,,,,0
356,0021700229,585,2,6,4,8:55 PM,9:24,Hezonja BLOCK (1 BLK),,MISS Rubio 2' Driving Layup,,,5,201937,Ricky Rubio,1610612762.0,Utah,Jazz,UTA,0,0,,,,,,4,1626209,Mario Hezonja,1610612753.0,Orlando,Magic,ORL,1
357,0021700229,587,4,0,4,8:55 PM,9:21,Mack REBOUND (Off:0 Def:2),,,,,4,202714,Shelvin Mack,1610612753.0,Orlando,Magic,ORL,0,0,,,,,,0,0,,,,,,1
358,0021700229,518,5,45,4,8:55 PM,9:19,Hezonja Out of Bounds - Bad Pass Turnover Turnover (P1.T12),,,,,4,1626209,Mario Hezonja,1610612753.0,Orlando,Magic,ORL,0,0,,,,,,0,0,,,,,,1
359,0021700229,519,8,0,4,8:55 PM,9:19,,,SUB: Jerebko FOR Sefolosha,,,5,200757,Thabo Sefolosha,1610612762.0,Utah,Jazz,UTA,5,201973,Jonas Jerebko,1610612762.0,Utah,Jazz,UTA,0,0,,,,,,0
360,0021700229,521,2,1,4,8:55 PM,8:59,,,MISS Burks 26' 3PT Jump Shot,,,5,202692,Alec Burks,1610612762.0,Utah,Jazz,UTA,0,0,,,,,,0,0,,,,,,1
361,0021700229,522,4,0,4,8:56 PM,8:54,Biyombo REBOUND (Off:3 Def:3),,,,,4,202687,Bismack Biyombo,1610612753.0,Orlando,Magic,ORL,0,0,,,,,,0,0,,,,,,1
362,0021700229,523,1,6,4,8:56 PM,8:46,Hezonja 3' Driving Layup (2 PTS),,,103 - 70,-33,4,1626209,Mario Hezonja,1610612753.0,Orlando,Magic,ORL,0,0,,,,,,0,0,,,,,,1
363,0021700229,524,6,1,4,8:56 PM,8:30,Afflalo P.FOUL (P2.T1) (J.Capers),,,,,4,201167,Arron Afflalo,1610612753.0,Orlando,Magic,ORL,5,202692,Alec Burks,1610612762.0,Utah,Jazz,UTA,1,0,,,,,,1
364,0021700229,526,8,0,4,8:56 PM,8:30,,,SUB: Favors FOR Udoh,,,5,202327,Ekpe Udoh,1610612762.0,Utah,Jazz,UTA,5,202324,Derrick Favors,1610612762.0,Utah,Jazz,UTA,0,0,,,,,,0
365,0021700229,528,8,0,4,8:56 PM,8:30,,,SUB: Mitchell FOR Hood,,,5,203918,Rodney Hood,1610612762.0,Utah,Jazz,UTA,5,1628378,Donovan Mitchell,1610612762.0,Utah,Jazz,UTA,0,0,,,,,,0
366,0021700229,530,2,5,4,8:57 PM,8:18,,,MISS Burks 3' Layup,,,5,202692,Alec Burks,1610612762.0,Utah,Jazz,UTA,0,0,,,,,,0,0,,,,,,1
367,0021700229,531,4,0,4,8:57 PM,8:13,,,Favors REBOUND (Off:6 Def:5),,,5,202324,Derrick Favors,1610612762.0,Utah,Jazz,UTA,0,0,,,,,,0,0,,,,,,1
368,0021700229,532,1,97,4,8:57 PM,8:13,,,Favors 1' Tip Layup Shot (23 PTS),105 - 70,-35,5,202324,Derrick Favors,1610612762.0,Utah,Jazz,UTA,0,0,,,,,,0,0,,,,,,1
369,0021700229,533,2,1,4,8:57 PM,8:00,MISS Afflalo 16' Jump Shot,,,,,4,201167,Arron Afflalo,1610612753.0,Orlando,Magic,ORL,0,0,,,,,,0,0,,,,,,1
370,0021700229,534,4,0,4,8:57 PM,7:57,,,Rubio REBOUND (Off:2 Def:3),,,5,201937,Ricky Rubio,1610612762.0,Utah,Jazz,UTA,0,0,,,,,,0,0,,,,,,1
371,0021700229,535,2,1,4,8:57 PM,7:40,,,MISS Burks 26' 3PT Jump Shot,,,5,202692,Alec Burks,1610612762.0,Utah,Jazz,UTA,0,0,,,,,,0,0,,,,,,1
372,0021700229,536,4,0,4,8:57 PM,7:37,Mack REBOUND (Off:0 Def:3),,,,,4,202714,Shelvin Mack,1610612753.0,Orlando,Magic,ORL,0,0,,,,,,0,0,,,,,,1
373,0021700229,537,6,4,4,8:57 PM,7:33,Mack OFF.Foul (P1) (J.Capers),,,,,4,202714,Shelvin Mack,1610612753.0,Orlando,Magic,ORL,5,1628378,Donovan Mitchell,1610612762.0,Utah,Jazz,UTA,1,0,,,,,,1
374,0021700229,539,5,37,4,8:57 PM,7:33,Mack Offensive Foul Turnover (P1.T13),,,,,4,202714,Shelvin Mack,1610612753.0,Orlando,Magic,ORL,0,0,,,,,,1,0,,,,,,1
375,0021700229,540,8,0,4,8:58 PM,7:33,SUB: Speights FOR Augustin,,,,,4,201571,D.J. Augustin,1610612753.0,Orlando,Magic,ORL,4,201578,Marreese Speights,1610612753.0,Orlando,Magic,ORL,0,0,,,,,,0
376,0021700229,542,2,1,4,8:58 PM,7:21,,,MISS Burks 27' 3PT Jump Shot,,,5,202692,Alec Burks,1610612762.0,Utah,Jazz,UTA,0,0,,,,,,0,0,,,,,,1
377,0021700229,543,4,0,4,8:58 PM,7:17,Afflalo REBOUND (Off:0 Def:3),,,,,4,201167,Arron Afflalo,1610612753.0,Orlando,Magic,ORL,0,0,,,,,,0,0,,,,,,1
378,0021700229,544,1,5,4,8:58 PM,7:10,Speights 2' Layup (2 PTS) (Afflalo 2 AST),,,105 - 72,-33,4,201578,Marreese Speights,1610612753.0,Orlando,Magic,ORL,4,201167,Arron Afflalo,1610612753.0,Orlando,Magic,ORL,0,0,,,,,,1
379,0021700229,546,1,5,4,8:58 PM,7:05,,,Jerebko 2' Layup (6 PTS) (Rubio 3 AST),107 - 72,-35,5,201973,Jonas Jerebko,1610612762.0,Utah,Jazz,UTA,5,201937,Ricky Rubio,1610612762.0,Utah,Jazz,UTA,0,0,,,,,,1
380,0021700229,548,2,1,4,8:58 PM,6:56,MISS Speights 27' 3PT Jump Shot,,,,,4,201578,Marreese Speights,1610612753.0,Orlando,Magic,ORL,0,0,,,,,,0,0,,,,,,1
381,0021700229,549,4,0,4,8:58 PM,6:56,Mack REBOUND (Off:1 Def:3),,,,,4,202714,Shelvin Mack,1610612753.0,Orlando,Magic,ORL,0,0,,,,,,0,0,,,,,,1
382,0021700229,550,2,1,4,8:58 PM,6:52,MISS Mack 27' 3PT Jump Shot,,,,,4,202714,Shelvin Mack,1610612753.0,Orlando,Magic,ORL,0,0,,,,,,0,0,,,,,,1
383,0021700229,551,4,0,4,8:58 PM,6:52,,,Rubio REBOUND (Off:2 Def:4),,,5,201937,Ricky Rubio,1610612762.0,Utah,Jazz,UTA,0,0,,,,,,0,0,,,,,,1
384,0021700229,552,2,1,4,8:59 PM,6:46,,,MISS Mitchell 26' 3PT Jump Shot,,,5,1628378,Donovan Mitchell,1610612762.0,Utah,Jazz,UTA,0,0,,,,,,0,0,,,,,,1
385,0021700229,553,4,0,4,8:59 PM,6:46,,,Jerebko REBOUND (Off:2 Def:3),,,5,201973,Jonas Jerebko,1610612762.0,Utah,Jazz,UTA,0,0,,,,,,0,0,,,,,,1
386,0021700229,554,2,97,4,8:59 PM,6:38,,,MISS Jerebko 1' Tip Layup Shot,,,5,201973,Jonas Jerebko,1610612762.0,Utah,Jazz,UTA,0,0,,,,,,0,0,,,,,,1
387,0021700229,555,4,0,4,8:59 PM,6:36,,,Jerebko REBOUND (Off:3 Def:3),,,5,201973,Jonas Jerebko,1610612762.0,Utah,Jazz,UTA,0,0,,,,,,0,0,,,,,,1
388,0021700229,556,1,97,4,8:59 PM,6:36,,,Jerebko 1' Tip Layup Shot (8 PTS),109 - 72,-37,5,201973,Jonas Jerebko,1610612762.0,Utah,Jazz,UTA,0,0,,,,,,0,0,,,,,,1
389,0021700229,558,5,1,4,8:59 PM,6:21,Mack Bad Pass Turnover (P2.T14),,Jerebko STEAL (1 STL),,,4,202714,Shelvin Mack,1610612753.0,Orlando,Magic,ORL,5,201973,Jonas Jerebko,1610612762.0,Utah,Jazz,UTA,0,0,,,,,,1
390,0021700229,560,6,9,4,8:59 PM,6:20,Speights C.P.FOUL (P3.T2) (J.Capers),,,,,4,201578,Marreese Speights,1610612753.0,Orlando,Magic,ORL,5,202324,Derrick Favors,1610612762.0,Utah,Jazz,UTA,1,0,,,,,,1
391,0021700229,562,18,1,4,9:00 PM,6:20,,Instant Replay4th Period (9:00 PM EST),,109 - 72,-37,0,560,,,,,,0,0,,,,,,1,0,,,,,,0
392,0021700229,564,3,26,4,9:00 PM,6:20,,,Favors Free Throw Clear Path 2 of 2 (24 PTS),110 - 72,-38,5,202324,Derrick Favors,1610612762.0,Utah,Jazz,UTA,0,0,,,,,,0,0,,,,,,0
393,0021700229,563,3,25,4,9:01 PM,6:20,,,Favors Free Throw Clear Path 1 of 2 (25 PTS),111 - 72,-39,5,202324,Derrick Favors,1610612762.0,Utah,Jazz,UTA,0,0,,,,,,0,0,,,,,,0
394,0021700229,565,8,0,4,9:01 PM,6:20,,,SUB: Udoh FOR Rubio,,,5,201937,Ricky Rubio,1610612762.0,Utah,Jazz,UTA,5,202327,Ekpe Udoh,1610612762.0,Utah,Jazz,UTA,0,0,,,,,,0
395,0021700229,566,8,0,4,9:01 PM,6:20,,,SUB: Neto FOR Burks,,,5,202692,Alec Burks,1610612762.0,Utah,Jazz,UTA,5,203526,Raul Neto,1610612762.0,Utah,Jazz,UTA,0,0,,,,,,0
396,0021700229,567,8,0,4,9:01 PM,6:20,,,SUB: O'Neale FOR Favors,,,5,202324,Derrick Favors,1610612762.0,Utah,Jazz,UTA,5,1626220,Royce O'Neale,1610612762.0,Utah,Jazz,UTA,0,0,,,,,,0
397,0021700229,571,2,67,4,9:01 PM,6:10,,,MISS Mitchell 10' Hook Bank Shot,,,5,1628378,Donovan Mitchell,1610612762.0,Utah,Jazz,UTA,0,0,,,,,,0,0,,,,,,1
398,0021700229,572,4,0,4,9:01 PM,6:10,,,Mitchell REBOUND (Off:1 Def:5),,,5,1628378,Donovan Mitchell,1610612762.0,Utah,Jazz,UTA,0,0,,,,,,0,0,,,,,,1
399,0021700229,574,1,1,4,9:01 PM,6:02,,,Mitchell 25' 3PT Jump Shot (12 PTS) (O'Neale 1 AST),114 - 72,-42,5,1628378,Donovan Mitchell,1610612762.0,Utah,Jazz,UTA,5,1626220,Royce O'Neale,1610612762.0,Utah,Jazz,UTA,0,0,,,,,,1
400,0021700229,576,2,1,4,9:02 PM,5:44,MISS Afflalo 26' 3PT Jump Shot,,,,,4,201167,Arron Afflalo,1610612753.0,Orlando,Magic,ORL,0,0,,,,,,0,0,,,,,,1
401,0021700229,577,4,0,4,9:02 PM,5:41,,,Udoh REBOUND (Off:0 Def:4),,,5,202327,Ekpe Udoh,1610612762.0,Utah,Jazz,UTA,0,0,,,,,,0,0,,,,,,1
402,0021700229,578,1,108,4,9:02 PM,5:35,,,Udoh 2' Cutting Dunk Shot (4 PTS) (O'Neale 2 AST),116 - 72,-44,5,202327,Ekpe Udoh,1610612762.0,Utah,Jazz,UTA,5,1626220,Royce O'Neale,1610612762.0,Utah,Jazz,UTA,0,0,,,,,,1
403,0021700229,580,5,2,4,9:02 PM,5:14,Speights Lost Ball Turnover (P2.T15),,Mitchell STEAL (3 STL),,,4,201578,Marreese Speights,1610612753.0,Orlando,Magic,ORL,5,1628378,Donovan Mitchell,1610612762.0,Utah,Jazz,UTA,0,0,,,,,,1
404,0021700229,582,1,5,4,9:02 PM,5:11,,,Jerebko 3' Layup (10 PTS) (Neto 7 AST),118 - 72,-46,5,201973,Jonas Jerebko,1610612762.0,Utah,Jazz,UTA,5,203526,Raul Neto,1610612762.0,Utah,Jazz,UTA,0,0,,,,,,1
405,0021700229,584,9,1,4,9:03 PM,5:11,MAGIC Timeout: Regular (Full 6 Short 0),,,,,2,1610612753,,,,,,0,0,,,,,,0,0,,,,,,0
406,0021700229,588,2,3,4,9:05 PM,5:00,MISS Hezonja 4' Hook Shot,,,,,4,1626209,Mario Hezonja,1610612753.0,Orlando,Magic,ORL,0,0,,,,,,0,0,,,,,,1
407,0021700229,589,4,0,4,9:06 PM,4:59,Hezonja REBOUND (Off:2 Def:1),,,,,4,1626209,Mario Hezonja,1610612753.0,Orlando,Magic,ORL,0,0,,,,,,0,0,,,,,,1
408,0021700229,663,2,97,4,9:06 PM,4:58,MISS Hezonja 1' Tip Layup Shot,,,,,4,1626209,Mario Hezonja,1610612753.0,Orlando,Magic,ORL,0,0,,,,,,0,0,,,,,,0
409,0021700229,664,4,0,4,9:06 PM,4:57,Hezonja REBOUND (Off:1 Def:1),,,,,4,1626209,Mario Hezonja,1610612753.0,Orlando,Magic,ORL,0,0,,,,,,0,0,,,,,,0
410,0021700229,590,1,97,4,9:06 PM,4:57,Hezonja 1' Tip Layup Shot (4 PTS),,,118 - 74,-44,4,1626209,Mario Hezonja,1610612753.0,Orlando,Magic,ORL,0,0,,,,,,0,0,,,,,,1
411,0021700229,591,2,5,4,9:06 PM,4:38,Biyombo BLOCK (1 BLK),,MISS Udoh 3' Layup,,,5,202327,Ekpe Udoh,1610612762.0,Utah,Jazz,UTA,0,0,,,,,,4,202687,Bismack Biyombo,1610612753.0,Orlando,Magic,ORL,1
412,0021700229,593,4,0,4,9:06 PM,4:38,,,Jazz Rebound,,,3,1610612762,,,,,,0,0,,,,,,0,0,,,,,,0
413,0021700229,594,8,0,4,9:06 PM,4:38,,,SUB: Bradley FOR Mitchell,,,5,1628378,Donovan Mitchell,1610612762.0,Utah,Jazz,UTA,5,1628396,Tony Bradley,1610612762.0,Utah,Jazz,UTA,0,0,,,,,,0
414,0021700229,595,8,0,4,9:06 PM,4:38,,,SUB: Burks FOR Udoh,,,5,202327,Ekpe Udoh,1610612762.0,Utah,Jazz,UTA,5,202692,Alec Burks,1610612762.0,Utah,Jazz,UTA,0,0,,,,,,0
415,0021700229,598,2,1,4,9:06 PM,4:31,,,MISS Neto 16' Jump Shot,,,5,203526,Raul Neto,1610612762.0,Utah,Jazz,UTA,0,0,,,,,,0,0,,,,,,1
416,0021700229,599,4,0,4,9:06 PM,4:28,Afflalo REBOUND (Off:0 Def:4),,,,,4,201167,Arron Afflalo,1610612753.0,Orlando,Magic,ORL,0,0,,,,,,0,0,,,,,,1
417,0021700229,600,6,1,4,9:06 PM,4:25,,,Jerebko P.FOUL (P3.T2) (J.Capers),,,5,201973,Jonas Jerebko,1610612762.0,Utah,Jazz,UTA,4,202687,Bismack Biyombo,1610612753.0,Orlando,Magic,ORL,1,0,,,,,,1
418,0021700229,602,2,6,4,9:07 PM,4:08,MISS Speights 6' Driving Layup,,,,,4,201578,Marreese Speights,1610612753.0,Orlando,Magic,ORL,0,0,,,,,,0,0,,,,,,1
419,0021700229,603,4,0,4,9:07 PM,4:05,,,Neto REBOUND (Off:0 Def:2),,,5,203526,Raul Neto,1610612762.0,Utah,Jazz,UTA,0,0,,,,,,0,0,,,,,,1
420,0021700229,604,2,1,4,9:07 PM,4:00,,,MISS O'Neale 27' 3PT Jump Shot,,,5,1626220,Royce O'Neale,1610612762.0,Utah,Jazz,UTA,0,0,,,,,,0,0,,,,,,1
421,0021700229,605,4,0,4,9:07 PM,4:00,,,Bradley REBOUND (Off:1 Def:0),,,5,1628396,Tony Bradley,1610612762.0,Utah,Jazz,UTA,0,0,,,,,,0,0,,,,,,1
422,0021700229,606,2,1,4,9:07 PM,3:47,,,MISS Burks 24' 3PT Jump Shot,,,5,202692,Alec Burks,1610612762.0,Utah,Jazz,UTA,0,0,,,,,,0,0,,,,,,1
423,0021700229,607,4,0,4,9:07 PM,3:47,Speights REBOUND (Off:0 Def:2),,,,,4,201578,Marreese Speights,1610612753.0,Orlando,Magic,ORL,0,0,,,,,,0,0,,,,,,1
424,0021700229,608,5,1,4,9:08 PM,3:39,Hezonja Bad Pass Turnover (P2.T16),,Neto STEAL (2 STL),,,4,1626209,Mario Hezonja,1610612753.0,Orlando,Magic,ORL,5,203526,Raul Neto,1610612762.0,Utah,Jazz,UTA,0,0,,,,,,1
425,0021700229,610,6,14,4,9:08 PM,3:36,Speights FLAGRANT.FOUL.TYPE1 (P4.T3) (J.Capers),,,,,4,201578,Marreese Speights,1610612753.0,Orlando,Magic,ORL,5,201973,Jonas Jerebko,1610612762.0,Utah,Jazz,UTA,1,0,,,,,,1
426,0021700229,612,18,1,4,9:09 PM,3:36,,Instant Replay4th Period (9:09 PM EST),,118 - 74,-44,0,610,,,,,,0,0,,,,,,1,0,,,,,,0
427,0021700229,614,3,19,4,9:09 PM,3:36,,,Burks Free Throw Flagrant 2 of 2 (5 PTS),119 - 74,-45,5,202692,Alec Burks,1610612762.0,Utah,Jazz,UTA,0,0,,,,,,0,0,,,,,,0
428,0021700229,613,3,18,4,9:10 PM,3:36,,,Burks Free Throw Flagrant 1 of 2 (6 PTS),120 - 74,-46,5,202692,Alec Burks,1610612762.0,Utah,Jazz,UTA,0,0,,,,,,0,0,,,,,,0
429,0021700229,615,8,0,4,9:10 PM,3:36,,,SUB: Wolters FOR Neto,,,5,203526,Raul Neto,1610612762.0,Utah,Jazz,UTA,5,203489,Nate Wolters,1610612762.0,Utah,Jazz,UTA,0,0,,,,,,0
430,0021700229,617,2,78,4,9:10 PM,3:30,,,MISS Wolters 7' Floating Jump Shot,,,5,203489,Nate Wolters,1610612762.0,Utah,Jazz,UTA,0,0,,,,,,0,0,,,,,,1
431,0021700229,618,4,0,4,9:10 PM,3:28,Afflalo REBOUND (Off:0 Def:5),,,,,4,201167,Arron Afflalo,1610612753.0,Orlando,Magic,ORL,0,0,,,,,,0,0,,,,,,1
432,0021700229,619,2,1,4,9:10 PM,3:21,MISS Speights 26' 3PT Jump Shot,,,,,4,201578,Marreese Speights,1610612753.0,Orlando,Magic,ORL,0,0,,,,,,0,0,,,,,,1
433,0021700229,620,4,0,4,9:10 PM,3:17,Mack REBOUND (Off:2 Def:3),,,,,4,202714,Shelvin Mack,1610612753.0,Orlando,Magic,ORL,0,0,,,,,,0,0,,,,,,1
434,0021700229,621,1,63,4,9:10 PM,3:06,Afflalo 17' Fadeaway Jumper (3 PTS),,,120 - 76,-44,4,201167,Arron Afflalo,1610612753.0,Orlando,Magic,ORL,0,0,,,,,,0,0,,,,,,1
435,0021700229,622,2,1,4,9:10 PM,2:54,,,MISS Bradley 26' 3PT Jump Shot,,,5,1628396,Tony Bradley,1610612762.0,Utah,Jazz,UTA,0,0,,,,,,0,0,,,,,,1
436,0021700229,623,4,0,4,9:10 PM,2:54,Afflalo REBOUND (Off:0 Def:6),,,,,4,201167,Arron Afflalo,1610612753.0,Orlando,Magic,ORL,0,0,,,,,,0,0,,,,,,1
437,0021700229,624,2,1,4,9:11 PM,2:40,MISS Afflalo 3PT Jump Shot,,,,,4,201167,Arron Afflalo,1610612753.0,Orlando,Magic,ORL,0,0,,,,,,0,0,,,,,,1
438,0021700229,625,4,0,4,9:11 PM,2:40,,,Burks REBOUND (Off:0 Def:3),,,5,202692,Alec Burks,1610612762.0,Utah,Jazz,UTA,0,0,,,,,,0,0,,,,,,1
439,0021700229,626,2,6,4,9:11 PM,2:34,,,MISS O'Neale 4' Driving Layup,,,5,1626220,Royce O'Neale,1610612762.0,Utah,Jazz,UTA,0,0,,,,,,0,0,,,,,,1
440,0021700229,627,4,0,4,9:11 PM,2:34,Hezonja REBOUND (Off:2 Def:2),,,,,4,1626209,Mario Hezonja,1610612753.0,Orlando,Magic,ORL,0,0,,,,,,0,0,,,,,,1
441,0021700229,628,6,1,4,9:11 PM,2:34,,,Bradley P.FOUL (P1.T3) (K.Scott),,,5,1628396,Tony Bradley,1610612762.0,Utah,Jazz,UTA,4,1626209,Mario Hezonja,1610612753.0,Orlando,Magic,ORL,1,0,,,,,,1
442,0021700229,630,1,1,4,9:11 PM,2:20,Speights 26' 3PT Jump Shot (5 PTS) (Afflalo 3 AST),,,120 - 79,-41,4,201578,Marreese Speights,1610612753.0,Orlando,Magic,ORL,4,201167,Arron Afflalo,1610612753.0,Orlando,Magic,ORL,0,0,,,,,,1
443,0021700229,632,2,78,4,9:12 PM,2:07,,,MISS Bradley 10' Floating Jump Shot,,,5,1628396,Tony Bradley,1610612762.0,Utah,Jazz,UTA,0,0,,,,,,0,0,,,,,,1
444,0021700229,633,4,0,4,9:12 PM,2:04,Speights REBOUND (Off:0 Def:3),,,,,4,201578,Marreese Speights,1610612753.0,Orlando,Magic,ORL,0,0,,,,,,0,0,,,,,,1
445,0021700229,634,2,1,4,9:12 PM,1:58,MISS Speights 27' 3PT Jump Shot,,,,,4,201578,Marreese Speights,1610612753.0,Orlando,Magic,ORL,0,0,,,,,,0,0,,,,,,1
446,0021700229,635,4,0,4,9:12 PM,1:57,,,Jazz Rebound,,,3,1610612762,,,,,,0,0,,,,,,0,0,,,,,,0
447,0021700229,636,1,3,4,9:12 PM,1:49,,,Jerebko 8' Hook Shot (12 PTS),122 - 79,-43,5,201973,Jonas Jerebko,1610612762.0,Utah,Jazz,UTA,0,0,,,,,,0,0,,,,,,1
448,0021700229,638,6,2,4,9:13 PM,1:27,,,Jerebko S.FOUL (P4.T4) (K.Scott),,,5,201973,Jonas Jerebko,1610612762.0,Utah,Jazz,UTA,4,201578,Marreese Speights,1610612753.0,Orlando,Magic,ORL,1,0,,,,,,1
449,0021700229,640,3,11,4,9:13 PM,1:27,MISS Speights Free Throw 1 of 2,,,,,4,201578,Marreese Speights,1610612753.0,Orlando,Magic,ORL,0,0,,,,,,0,0,,,,,,0
450,0021700229,641,4,1,4,9:13 PM,1:27,MAGIC Rebound,,,,,2,1610612753,,,,,,0,0,,,,,,0,0,,,,,,0
451,0021700229,642,3,12,4,9:13 PM,1:27,MISS Speights Free Throw 2 of 2,,,,,4,201578,Marreese Speights,1610612753.0,Orlando,Magic,ORL,0,0,,,,,,0,0,,,,,,0
452,0021700229,643,4,0,4,9:13 PM,1:27,,,Wolters REBOUND (Off:0 Def:1),,,5,203489,Nate Wolters,1610612762.0,Utah,Jazz,UTA,0,0,,,,,,0,0,,,,,,1
453,0021700229,645,2,71,4,9:14 PM,1:11,Biyombo BLOCK (2 BLK),,MISS Bradley 4' Finger Roll Layup,,,5,1628396,Tony Bradley,1610612762.0,Utah,Jazz,UTA,0,0,,,,,,4,202687,Bismack Biyombo,1610612753.0,Orlando,Magic,ORL,1
454,0021700229,647,4,0,4,9:14 PM,1:05,Biyombo REBOUND (Off:3 Def:4),,,,,4,202687,Bismack Biyombo,1610612753.0,Orlando,Magic,ORL,0,0,,,,,,0,0,,,,,,1
455,0021700229,648,2,1,4,9:14 PM,0:58,MISS Hezonja 26' 3PT Jump Shot,,,,,4,1626209,Mario Hezonja,1610612753.0,Orlando,Magic,ORL,0,0,,,,,,0,0,,,,,,1
456,0021700229,649,4,0,4,9:14 PM,0:53,Afflalo REBOUND (Off:1 Def:6),,,,,4,201167,Arron Afflalo,1610612753.0,Orlando,Magic,ORL,0,0,,,,,,0,0,,,,,,1
457,0021700229,650,1,1,4,9:14 PM,0:52,Speights 27' 3PT Jump Shot (8 PTS) (Afflalo 4 AST),,,122 - 82,-40,4,201578,Marreese Speights,1610612753.0,Orlando,Magic,ORL,4,201167,Arron Afflalo,1610612753.0,Orlando,Magic,ORL,0,0,,,,,,1
458,0021700229,652,1,1,4,9:14 PM,0:40,,,Jerebko 25' 3PT Jump Shot (15 PTS) (Wolters 1 AST),125 - 82,-43,5,201973,Jonas Jerebko,1610612762.0,Utah,Jazz,UTA,5,203489,Nate Wolters,1610612762.0,Utah,Jazz,UTA,0,0,,,,,,1
459,0021700229,654,1,1,4,9:15 PM,0:29,Speights 28' 3PT Jump Shot (11 PTS) (Mack 1 AST),,,125 - 85,-40,4,201578,Marreese Speights,1610612753.0,Orlando,Magic,ORL,4,202714,Shelvin Mack,1610612753.0,Orlando,Magic,ORL,0,0,,,,,,1
460,0021700229,658,2,1,4,9:16 PM,0:07,,,MISS Bradley 20' Jump Shot,,,5,1628396,Tony Bradley,1610612762.0,Utah,Jazz,UTA,0,0,,,,,,0,0,,,,,,1
461,0021700229,659,4,0,4,9:16 PM,0:04,,,Burks REBOUND (Off:1 Def:3),,,5,202692,Alec Burks,1610612762.0,Utah,Jazz,UTA,0,0,,,,,,0,0,,,,,,1
462,0021700229,660,13,0,4,9:16 PM,0:00,,End of 4th Period (9:16 PM EST),,125 - 85,-40,0,0,,,,,,0,0,,,,,,0,0,,,,,,1
